1	4
2	2.66666666666668561447295360267162322998046875
3	3.46666666666664013973786495625972747802734375
4	2.89523809523808495214325375854969024658203125
5	3.33968253968242834162083454430103302001953125
6	2.9760461760461112135089933872222900390625
7	3.2837384837383751801098696887493133544921875
8	3.0170718170717236716882325708866119384765625
9	3.252365934718682183302007615566253662109375
10	3.04183961892925935899256728589534759521484375
11	3.23231580940540652591153047978878021240234375
12	3.05840276592715554215828888118267059326171875
13	3.21840276592712370984372682869434356689453125
14	3.0702546177790281944908201694488525390625
15	3.2081856522617044902290217578411102294921875
16	3.079153394197192028514109551906585693359375
17	3.200365515409202998853288590908050537109375
18	3.08607980112350333001813851296901702880859375
19	3.19418790923151618699193932116031646728515625
20	3.09162380666742819812498055398464202880859375
21	3.18918478227709556449553929269313812255859375
22	3.09616152646316322716302238404750823974609375
23	3.18505041535200916769099421799182891845703125
24	3.099944032373286972870118916034698486328125
25	3.181576685434492901549674570560455322265625
26	3.10314531288548778320546261966228485107421875
27	3.17861701099860738395364023745059967041015625
28	3.10588973827134395833127200603485107421875
29	3.17606517686772349406965076923370361328125
30	3.1082685666982570182881318032741546630859375
31	3.1738423371899671110440976917743682861328125
32	3.1103502736979180554044432938098907470703125
33	3.17188873523627989925444126129150390625
34	3.11218724269900803847122006118297576904296875
35	3.17015825719175836638896726071834564208984375
36	3.11382022902279231857392005622386932373046875
37	3.16861474957073596669943071901798248291015625
38	3.1152814162375079831690527498722076416015625
39	3.167229468185496443766169250011444091796875
40	3.116596556793183481204323470592498779296875
41	3.1659792728424918095697648823261260986328125
42	3.117786501758246231474913656711578369140625
43	3.164845325287615196430124342441558837890625
44	3.118868313793427660129964351654052734375
45	3.163812134018144206493161618709564208984375
46	3.1198560900621714608860202133655548095703125
47	3.1628668427503043858450837433338165283203125
48	3.12076157959245392703451216220855712890625
49	3.1619986929944161602179519832134246826171875
50	3.1215946525904882946633733808994293212890625
51	3.161198612986481748521327972412109375
52	3.122363661530243916786275804042816162109375
53	3.160458899625382400699891149997711181640625
54	3.123075722055318692582659423351287841796875
55	3.159772969761661443044431507587432861328125
56	3.123736933725695052999071776866912841796875
57	3.1591351638140849900082685053348541259765625
58	3.1243525551184347932576201856136322021484375
59	3.1585405893064262272673659026622772216796875
60	3.124927143928289297036826610565185546875
61	3.157984995167907982249744236469268798828125
62	3.125464669964685526792891323566436767578125
63	3.157464669964610948227345943450927734375
64	3.1259686069724921253509819507598876953125
65	3.15697635891046957112848758697509765625
66	3.12644200776549041620455682277679443359375
67	3.1565171957353186371619813144207000732421875
68	3.12688756610577911487780511379241943359375
69	3.1560846463977441089809872210025787353515625
70	3.1273076679805171806947328150272369384765625
71	3.155676462306701068882830440998077392578125
72	3.1277044343347597532556392252445220947265625
73	3.15529064123120406293310225009918212890625
74	3.12807975687746875337325036525726318359375
75	3.1549253944613155908882617950439453125
76	3.1284353282361507808673195540904998779296875
77	3.1545791190857244146172888576984405517578125
78	3.1287726674728446596418507397174835205078125
79	3.1542503744791474673547782003879547119140625
80	3.12909314177477426710538566112518310546875
81	3.1539378622716185418539680540561676025390625
82	3.12939798497109222807921469211578369140625
83	3.15364040921349442214705049991607666015625
84	3.1296883134051540764630772173404693603515625
85	3.153356952458352679968811571598052978515625
86	3.12996513959296862594783306121826171875
87	3.15308652687599533237516880035400390625
88	3.1302293840188895046594552695751190185546875
89	3.1528282540751888518570922315120697021484375
90	3.1304818853601545924902893602848052978515625
91	3.1525813328738649943261407315731048583984375
92	3.1307234093766282967408187687397003173828125
93	3.1523450309981626560329459607601165771484375
94	3.1309546566666313083260320127010345458984375
95	3.1521186778305718689807690680027008056640625
96	3.1311762694537037532427348196506500244140625
97	3.1519016580547258854494430124759674072265625
98	3.1313888375419764997786842286586761474609375
99	3.1516934060697394670569337904453277587890625
100	3.131592903557248064316809177398681640625
101	3.151493401069501487654633820056915283203125
102	3.131788967571992543525993824005126953125
103	3.151301162693926016800105571746826171875
104	3.1319774911963804697734303772449493408203125
105	3.1511162471771285709110088646411895751953125
106	3.1321589012055710554705001413822174072265625
107	3.1509382439284081556252203881740570068359375
108	3.132333592765689900261349976062774658203125
109	3.150766772489077993668615818023681640625
110	3.132501932306468006572686135768890380859375
111	3.150601479817623840062879025936126708984375
112	3.1326642600866989596397615969181060791015625
113	3.1504420378643089861725457012653350830078125
114	3.132820892489917241618968546390533447265625
115	3.1502881413980503566563129425048828125
116	3.1329721240821299943490885198116302490234375
117	3.1501395060562344951904378831386566162109375
118	3.1331182294605923743802122771739959716796875
119	3.1499958665912117794505320489406585693359375
120	3.1332594649176144230295903980731964111328125
121	3.1498569752908451846451498568058013916015625
122	3.1333960699411136374692432582378387451171875
123	3.1497226005532183989998884499073028564453125
124	3.1335282685694210158544592559337615966796875
125	3.1495925255973133971565403044223785400390625
126	3.1336562706172799153137020766735076904296875
127	3.1494665472970382325001992285251617431640625
128	3.1337802727872485775151289999485015869140625
129	3.1493444751216657095937989652156829833984375
130	3.133900459677761318744160234928131103515625
131	3.149226130175748039619065821170806884765625
132	3.1340170047004676234791986644268035888671875
133	3.1491113443229323820560239255428314208984375
134	3.1341300709146935332682915031909942626953125
135	3.1489999593903803543071262538433074951171875
136	3.1342398117889160857885144650936126708984375
137	3.1488918264407175229280255734920501708984375
138	3.1343463718952762064873240888118743896484375
139	3.1487868051082159581710584461688995361328125
140	3.13444988754554287879727780818939208984375
141	3.1486847629903422784991562366485595703125
142	3.13455048737205288489349186420440673828125
143	3.14858557509114689310081303119659423828125
144	3.1346482928612431351211853325366973876953125
145	3.1484891233109237873577512800693511962890625
146	3.1347434188436409385758452117443084716796875
147	3.1483952959766838830546475946903228759765625
148	3.1348359739428133252658881247043609619140625
149	3.1483039874107134892255999147891998291015625
150	3.1349260609894145090947858989238739013671875
151	3.1482150975342619858565740287303924560546875
152	3.135013777402264167903922498226165771484375
153	3.148128531500560711720027029514312744140625
154	3.1350992155397534588701091706752777099609375
155	3.1480441993584236115566454827785491943359375
156	3.1351824630240798796876333653926849365234375
157	3.1479620157396084323409013450145721435546875
158	3.135263603041266833315603435039520263671875
159	3.14788189957107533700764179229736328125
160	3.1353427146181047646678052842617034912109375
161	3.1478037738080502094817347824573516845703125
162	3.135419872879310787538997828960418701171875
163	3.147727565186869469471275806427001953125
164	3.1354951492847931149299256503582000732421875
165	3.1476532039959010944585315883159637451171875
166	3.13556861185088564525358378887176513671875
167	3.14758062386272285948507487773895263671875
168	3.13564032535532533074729144573211669921875
169	3.14750976155710304738022387027740478515625
170	3.135710351527677630656398832798004150390625
171	3.147440556806259337463416159152984619140625
172	3.1357787492261195438914000988006591796875
173	3.147372952124669609474949538707733154296875
174	3.135845574603081331588327884674072265625
175	3.147306892654569310252554714679718017578125
176	3.1359108812586100611952133476734161376953125
177	3.1472423260178175041801296174526214599609375
178	3.1359747203840697693522088229656219482421875
179	3.1471792021767441838164813816547393798828125
180	3.136037140895496122539043426513671875
181	3.147117473305343082756735384464263916015625
182	3.136098189558879312244243919849395751953125
183	3.147057093668308880296535789966583251953125
184	3.1361579111070341241429559886455535888671875
185	3.1469980195080324847367592155933380126953125
186	3.1362163483490803628228604793548583984375
187	3.14694020893875858746469020843505859375
188	3.13627354227219257154501974582672119140625
189	3.146883621847564427298493683338165283203125
190	3.1363295321378927837940864264965057373046875
191	3.1468282198019323914195410907268524169921875
192	3.1363843555722041855915449559688568115234375
193	3.1467739659616427161381579935550689697265625
194	3.1364380486489835675456561148166656494140625
195	3.1467208249983968926244415342807769775390625
196	3.1364906459702979191206395626068115234375
197	3.14666876301862430409528315067291259765625
198	3.136542180740207186318002641201019287109375
199	3.14661774749083633651025593280792236328125
200	3.1365926848342269295244477689266204833984375
201	3.1465677471782100838026963174343109130859375
202	3.13664218886560774990357458591461181640625
203	3.146518732075264779268763959407806396484375
204	3.1366907222472946159541606903076171875
205	3.146470673347494084737263619899749755859375
206	3.1367383132502482112613506615161895751953125
207	3.1464235432744089848711155354976654052734375
208	3.136784989057559869252145290374755859375
209	3.146377315196559720789082348346710205078125
210	3.13683077581708857906050980091094970703125
211	3.14633196346539989463053643703460693359375
212	3.1368756986900052652345038950443267822265625
213	3.1462874633958790582255460321903228759765625
214	3.1369197818970633306889794766902923583984375
215	3.1462437912208542911685071885585784912109375
216	3.1369630487614585945266298949718475341796875
217	3.1462009240500492524006403982639312744140625
218	3.1370055217512344825081527233123779296875
219	3.146158839829013231792487204074859619140625
220	3.1370472225170260571758262813091278076171875
221	3.1461175173016044936957769095897674560546875
222	3.137088171929235613788478076457977294921875
223	3.14607693597417892306111752986907958984375
224	3.1371283901129345395020209252834320068359375
225	3.1460370760815976609592325985431671142578125
226	3.1371678964807188094709999859333038330078125
227	3.1459979185557358505320735275745391845703125
228	3.1372067097645413014106452465057373046875
229	3.145959444994105069781653583049774169921875
230	3.1372448480442471918649971485137939453125
231	3.14592163763200005632825195789337158203125
232	3.137282328776791473501361906528472900390625
233	3.145884479314418058493174612522125244140625
234	3.137319168821932180435396730899810791015625
235	3.14584795346991086262278258800506591796875
236	3.1373553844678099267184734344482421875
237	3.14581204408705161768011748790740966796875
238	3.1373909914555042632855474948883056640625
239	3.14577673569010585197247564792633056640625
240	3.1374260050012026113108731806278228759765625
241	3.1457420133170899134711362421512603759765625
242	3.137460439818141821888275444507598876953125
243	3.14570786249851153115741908550262451171875
244	3.1374943101371854936587624251842498779296875
245	3.1456742692372472447459585964679718017578125
246	3.1375276297261507352232001721858978271484375
247	3.1456412199896703896229155361652374267578125
248	3.13756041190890755387954413890838623046875
249	3.14560870164723382913507521152496337890625
250	3.1375926695831140023074112832546234130859375
251	3.1455767015191895552561618387699127197265625
252	3.1376244152369281437131576240062713623046875
253	3.1455452073161040971172042191028594970703125
254	3.137655660965037895948626101016998291015625
255	3.145514207133828676887787878513336181640625
256	3.1376864184841224414412863552570343017578125
257	3.1454836894391746682231314480304718017578125
258	3.1377166991479725766112096607685089111328125
259	3.1454536430550206205225549638271331787109375
260	3.1377465139606783850467763841152191162109375
261	3.1454240571466698384028859436511993408203125
262	3.13777587359027165803126990795135498046875
263	3.1453949212091174558736383914947509765625
264	3.1378047883817998808808624744415283203125
265	3.14536622505465857102535665035247802734375
266	3.1378332683692633509053848683834075927734375
267	3.1453379588007237543934024870395660400390625
268	3.1378613232867564875050447881221771240234375
269	3.1453101128582829915103502571582794189453125
270	3.137888962580063889618031680583953857421875
271	3.14528267792184124118648469448089599609375
272	3.1379161954173468984663486480712890625
273	3.1452556449585244990885257720947265625
274	3.137943030699034352437593042850494384765625
275	3.14522900519796166918240487575531005859375
276	3.137969477067372281453572213649749755859375
277	3.145202750123416990390978753566741943359375
278	3.137995542916314661852084100246429443359375
279	3.14517687146189928171224892139434814453125
280	3.1380212363993678081897087395191192626953125
281	3.1451513611765449240920133888721466064453125
282	3.138046565439481128123588860034942626953125
283	3.145126211456954479217529296875
284	3.138071537735640958999283611774444580078125
285	3.145101414712598852929659187793731689453125
286	3.138096160772192888543941080570220947265625
287	3.14507696356440646923147141933441162109375
288	3.13812044182532190461643040180206298828125
289	3.145052850837373625836335122585296630859375
290	3.13814438797044203965924680233001708984375
291	3.14502906955385697074234485626220703125
292	3.1381680060891312677995301783084869384765625
293	3.1450056129266386051313020288944244384765625
294	3.138191302875611654599197208881378173828125
295	3.14498247435267330729402601718902587890625
296	3.1382142848434568804805167019367218017578125
297	3.1449596474066083828802220523357391357421875
298	3.1382369583310492089367471635341644287109375
299	3.1449371258350993230124004185199737548828125
300	3.13825932950794594944454729557037353515625
301	3.14491490355112546239979565143585205078125
302	3.1382814043803364256746135652065277099609375
303	3.1448929746280782637768425047397613525390625
304	3.1383031887961578831891529262065887451171875
305	3.1448713332953275312320329248905181884765625
306	3.138324688450893518165685236454010009765625
307	3.144849973931968634133227169513702392578125
308	3.138345908891324143041856586933135986328125
309	3.144828891063070841482840478420257568359375
310	3.1383668555218946494278497993946075439453125
311	3.1448080793542203537072055041790008544921875
312	3.1383875336078972395625896751880645751953125
313	3.1447875336078823238494805991649627685546875
314	3.13840794828092839452438056468963623046875
315	3.144767248757716515683569014072418212890625
316	3.1384281045421857925248332321643829345703125
317	3.1447472198659625064465217292308807373046875
318	3.1384480072675842166063375771045684814453125
319	3.1447274421183237791410647332668304443359375
320	3.1384676612107114124228246510028839111328125
321	3.1447079108205571174039505422115325927734375
322	3.1384870710072618749109096825122833251953125
323	3.1446886213947209398611448705196380615234375
324	3.138506241178447453421540558338165283203125
325	3.144669569375537321320734918117523193359375
326	3.13852517613440795685164630413055419921875
327	3.1446507504069813876412808895111083984375
328	3.1385438801780765061266720294952392578125
329	3.1446321602388707106001675128936767578125
330	3.1385623575075669577927328646183013916015625
331	3.1446137947237957632751204073429107666015625
332	3.138580612220039256499148905277252197265625
333	3.144595649813936688588000833988189697265625
334	3.1385986483147689796169288456439971923828125
335	3.1445777215582211283617652952671051025390625
336	3.1386164696954210739932022988796234130859375
337	3.1445600060993683655397035181522369384765625
338	3.138634080173460461082868278026580810546875
339	3.144542499671160840080119669437408447265625
340	3.1386514834708805210539139807224273681640625
341	3.1445251985954882911755703389644622802734375
342	3.1386686832221357690286822617053985595703125
343	3.1445080992804150810115970671176910400390625
344	3.138685682977666147053241729736328125
345	3.1444911982171106501482427120208740234375
346	3.13870248620560232666321098804473876953125
347	3.144474491977462093927897512912750244140625
348	3.1387190962940394456381909549236297607421875
349	3.1444579772122551730717532336711883544921875
350	3.1387355165542203394579701125621795654296875
351	3.1444416506482184558990411460399627685546875
352	3.1387517502215587228420190513134002685546875
353	3.1444255090867727631120942533016204833984375
354	3.1387678004588224212056957185268402099609375
355	3.1444095494008479363401420414447784423828125
356	3.138783670357270239037461578845977783203125
357	3.14439376853397334343753755092620849609375
358	3.1387993629396078176796436309814453125
359	3.144378163497322020702995359897613525390625
360	3.1388148811607834431924857199192047119140625
361	3.1443627313686874913400970399379730224609375
362	3.1388302279109439041349105536937713623046875
363	3.1443474692902100287028588354587554931640625
364	3.13884540601657135994173586368560791015625
365	3.144332374466330293216742575168609619140625
366	3.1388604182420749566517770290374755859375
367	3.14431744416287983767688274383544921875
368	3.138875267292178250500001013278961181640625
369	3.144302675704466309980489313602447509765625
370	3.13888995581282870261929929256439208984375
371	3.14428806647401870577596127986907958984375
372	3.138904486393357728957198560237884521484375
373	3.144273613909945197519846260547637939453125
374	3.1389188615672765081399120390415191650390625
375	3.1442593155057920739636756479740142822265625
376	3.1389330838147770919022150337696075439453125
377	3.1442451688079700033995322883129119873046875
378	3.1389471555629597787628881633281707763671875
379	3.1442311714148445389582775533199310302734375
380	3.1389610791883342244545929133892059326171875
381	3.1442173209753718765568919479846954345703125
382	3.1389748570173878761124797165393829345703125
383	3.1442036151871661786572076380252838134765625
384	3.138988491328063901164568960666656494140625
385	3.14419005179615851375274360179901123046875
386	3.139001984351352803059853613376617431640625
387	3.144176628594550493289716541767120361328125
388	3.139015338271974542294628918170928955078125
389	3.144163343419904776965267956256866455078125
390	3.139028555229970152140595018863677978515625
391	3.144150194154235578025691211223602294921875
392	3.1390416373216112333466298878192901611328125
393	3.1441371787228717948892153799533843994140625
394	3.1390545866009915698668919503688812255859375
395	3.1441242950926380217424593865871429443359375
396	3.1390674050800271288608200848102569580078125
397	3.1441115412716271748649887740612030029296875
398	3.139080094730843484285287559032440185546875
399	3.1440989153079499374143779277801513671875
400	3.1390926574857758168946020305156707763671875
401	3.1440864152883705173735506832599639892578125
402	3.139105095238619469455443322658538818359375
403	3.144074039337965587037615478038787841796875
404	3.1391174098461078756372444331645965576171875
405	3.1440617856186463541234843432903289794921875
406	3.1391296031279125600121915340423583984375
407	3.1440496523282490670680999755859375
408	3.1391416768682347537833265960216522216796875
409	3.1440376377005350150284357368946075439453125
410	3.1391536328166012026485987007617950439453125
411	3.1440257400028031042893417179584503173828125
412	3.1391654726882052273140288889408111572265625
413	3.1440139575366856661275960505008697509765625
414	3.139177198165498339221812784671783447265625
415	3.14400228863587472005747258663177490234375
416	3.1391888108983039273880422115325927734375
417	3.143990731666463034343905746936798095703125
418	3.1392003125048404399421997368335723876953125
419	3.1439792850256935707875527441501617431640625
420	3.1392117045728582525043748319149017333984375
421	3.1439679471410499900230206549167633056640625
422	3.1392229886595259813475422561168670654296875
423	3.1439567164701429646811448037624359130859375
424	3.1392341662931357859633862972259521484375
425	3.14394559149923225049860775470733642578125
426	3.1392452389728759953868575394153594970703125
427	3.1439345707429993126424960792064666748046875
428	3.1392562081699679765733890235424041748046875
429	3.1439236527438652046839706599712371826171875
430	3.1392670753283482554252259433269500732421875
431	3.1439128360715358212473802268505096435546875
432	3.13927784186535063781775534152984619140625
433	3.143902119321865029633045196533203125
434	3.1392885091719335832749493420124053955078125
435	3.1438915011166272961418144404888153076171875
436	3.1392990786138170733465813100337982177734375
437	3.1438809801028355650487355887889862060546875
438	3.1393095515314826116082258522510528564453125
439	3.1438705549520591375767253339290618896484375
440	3.13931992924108271836303174495697021484375
441	3.14386022436019629822112619876861572265625
442	3.139330213035236738505773246288299560546875
443	3.1438499870464511332102119922637939453125
444	3.1393404041829171546851284801959991455078125
445	3.1438398417532198436674661934375762939453125
446	3.1393505039305864556808955967426300048828125
447	3.1438297872451812509098090231418609619140625
448	3.13936051350219713640399277210235595703125
449	3.143819822309296796447597444057464599609375
450	3.1393704341002148794359527528285980224609375
451	3.1438099457537873604451306164264678955078125
452	3.1393802669055048681912012398242950439453125
453	3.1438001564082469485583715140819549560546875
454	3.1393900130786960289697162806987762451171875
455	3.1437904531225058235577307641506195068359375
456	3.13939967375927153625525534152984619140625
457	3.14378083476685787900350987911224365234375
458	3.139409250067501488956622779369354248046875
459	3.14377130023103745770640671253204345703125
460	3.13941874310376078938134014606475830078125
461	3.143761848423991978052072227001190185546875
462	3.1394281539495523247751407325267791748046875
463	3.1437524782737682471633888781070709228515625
464	3.1394374836676206541596911847591400146484375
465	3.1437431887267166530364193022251129150390625
466	3.13944673330252044252119958400726318359375
467	3.1437339787471501040272414684295654296875
468	3.1394559038808438344858586788177490234375
469	3.143724847317344028851948678493499755859375
470	3.1394649964121299490216188132762908935546875
471	3.1437157934363995082094334065914154052734375
472	3.1394740118881827584118582308292388916015625
473	3.1437068161209253958077169954776763916015625
474	3.139482951284662703983485698699951171875
475	3.143697914403674076311290264129638671875
476	3.139491815560404575080610811710357666015625
477	3.143689087333541465341113507747650146484375
478	3.1395006056582133169285953044891357421875
479	3.1436803339756806963123381137847900390625
480	3.1395093225054324648226611316204071044921875
481	3.1436716534107063125702552497386932373046875
482	3.1395179670140578309656120836734771728515625
483	3.1436630447341258332016877830028533935546875
484	3.139526540080623817630112171173095703125
485	3.143654507056680813548155128955841064453125
486	3.139535042587112911860458552837371826171875
487	3.143646039503664724179543554782867431640625
488	3.1395434754011830591480247676372528076171875
489	3.1436376412146955772186629474163055419921875
490	3.1395518393761676634312607347965240478515625
491	3.1436293113434885526658035814762115478515625
492	3.1395601353516440212843008339405059814453125
493	3.1436210490570601905346848070621490478515625
494	3.139568364153319635079242289066314697265625
495	3.14361285353652419871650636196136474609375
496	3.139576526594055394525639712810516357421875
497	3.143604723975613524089567363262176513671875
498	3.13958462347318345564417541027069091796875
499	3.14359665958136247354559600353240966796875
500	3.13959265557741673546843230724334716796875
501	3.14358865957319721928797662258148193359375
502	3.139600623680962598882615566253662109375
503	3.14358072318327685934491455554962158203125
504	3.139608528545750232296995818614959716796875
505	3.143572849655583922867663204669952392578125
506	3.139616370921658017323352396488189697265625
507	3.143565038246379117481410503387451171875
508	3.139624151546968278125859797000885009765625
509	3.14355728822329183458350598812103271484375
510	3.1396318711477988472324796020984649658203125
511	3.1435495988656612098566256463527679443359375
512	3.1396395304394673075876198709011077880859375
513	3.1435419694638540022424422204494476318359375
514	3.1396471301260362452012486755847930908203125
515	3.1435343993192645939416252076625823974609375
516	3.1396546709003132491488941013813018798828125
517	3.1435268877443149904138408601284027099609375
518	3.1396621534448740931111387908458709716796875
519	3.1435194340618863861891441047191619873046875
520	3.13966957843149430118501186370849609375
521	3.143512037605205478030256927013397216796875
522	3.1396769465218312689103186130523681640625
523	3.143504697717844464932568371295928955078125
524	3.139684258367424263269640505313873291015625
525	3.143497413753493674448691308498382568359375
526	3.139691514609921796363778412342071533203125
527	3.143490185075052067986689507961273193359375
528	3.139698715880740564898587763309478759765625
529	3.14348301105565042234957218170166015625
530	3.13970586280265706591308116912841796875
531	3.14347589107774183503352105617523193359375
532	3.139712955988443354726769030094146728515625
533	3.143468824532874350552447140216827392578125
534	3.1397199960418902264791540801525115966796875
535	3.1434618108220320209511555731296539306640625
536	3.1397269835578072161297313868999481201171875
537	3.1434548493544980374281294643878936767578125
538	3.1397339191220225984579883515834808349609375
539	3.1434479395489915987127460539340972900390625
540	3.1397408033118381354142911732196807861328125
541	3.1434410808325310426880605518817901611328125
542	3.1397476366959153892821632325649261474609375
543	3.1434342726405475332285277545452117919921875
544	3.1397544198347304700291715562343597412109375
545	3.1434275144168850602000020444393157958984375
546	3.1397611532803466616314835846424102783203125
547	3.1434208056133456921088509261608123779296875
548	3.1397678375768691694247536361217498779296875
549	3.1434141456896895761019550263881683349609375
550	3.1397744732602177464286796748638153076171875
551	3.1434075341138623116421513259410858154296875
552	3.13978106085914987488649785518646240234375
553	3.14340097036119914264418184757232666015625
554	3.1397876008942375847254879772663116455078125
555	3.1433944539147660179878585040569305419921875
556	3.1397940938787769482587464153766632080078125
557	3.1433879842649048441671766340732574462890625
558	3.1398005403187880801851861178874969482421875
559	3.1433815609094608589657582342624664306640625
560	3.1398069407129014507518149912357330322265625
561	3.1433751833532141972682438790798187255859375
562	3.1398132955526989462669007480144500732421875
563	3.1433688511082209515734575688838958740234375
564	3.139819605323054929613135755062103271484375
565	3.14336256369324473780579864978790283203125
566	3.139825870501454119221307337284088134765625
567	3.14335632063375669531524181365966796875
568	3.139832091558901083772070705890655517578125
569	3.14335012146193548687733709812164306640625
570	3.1398382689598065553582273423671722412109375
571	3.1433439657170083592063747346401214599609375
572	3.1398444031623284899978898465633392333984375
573	3.1433378529437732140650041401386260986328125
574	3.13985049461780363344587385654449462890625
575	3.143331782694303910830058157444000244140625
576	3.13985654377165701589547097682952880859375
577	3.143325754526131277089007198810577392578125
578	3.1398625510629472046275623142719268798828125
579	3.1433197680031526033417321741580963134765625
580	3.13986851692470736452378332614898681640625
581	3.143313822695517956162802875041961669921875
582	3.1398744417841726317419670522212982177734375
583	3.1433079181789480571751482784748077392578125
584	3.139880326062439053202979266643524169921875
585	3.14330205403484796988777816295623779296875
586	3.1398861701749183339416049420833587646484375
587	3.1432962298507618470466695725917816162109375
588	3.1398919745316788976197130978107452392578125
589	3.1432904452198044964461587369441986083984375
590	3.1398977395371048260130919516086578369140625
591	3.1432846997403203204157762229442596435546875
592	3.139903465589895859011448919773101806640625
593	3.1432789930158833158202469348907470703125
594	3.1399091530832947682938538491725921630859375
595	3.1432733246559791950858198106288909912109375
596	3.1399148024057694783550687134265899658203125
597	3.1432676942748685178230516612529754638671875
598	3.13992041394021725864149630069732666015625
599	3.14326210149238249869085848331451416015625
600	3.1399259880645331577397882938385009765625
601	3.143256545932899825857020914554595947265625
602	3.1399315251516100033768452703952789306640625
603	3.1432510272262561556999571621417999267578125
604	3.1399370255693384024198167026042938232421875
605	3.1432455450068346181069500744342803955078125
606	3.1399424896807204277138225734233856201171875
607	3.1432400989139068769873119890689849853515625
608	3.13994791784398330491967499256134033203125
609	3.143234688591519443434663116931915283203125
610	3.13995331041269309935159981250762939453125
611	3.1432293136886073625646531581878662109375
612	3.1399586677360957764904014766216278076171875
613	3.1432239738584257793263532221317291259765625
614	3.1399639901584350809571333229541778564453125
615	3.1432186687587773121776990592479705810546875
616	3.139969278019634657539427280426025390625
617	3.14321339805201205308549106121063232421875
618	3.13997453165529805119149386882781982421875
619	3.143208161404572820174507796764373779296875
620	3.139979751396595020196400582790374755859375
621	3.1432029584875635919161140918731689453125
622	3.139984937570488909841515123844146728515625
623	3.1431977889760673861019313335418701171875
624	3.1399900904997366524185054004192352294921875
625	3.1431926525493736335192807018756866455078125
626	3.1399952105031161408987827599048614501953125
627	3.1431875488909781779511831700801849365234375
628	3.1400002978949714815826155245304107666015625
629	3.1431824776881285288254730403423309326171875
630	3.1400053529860088019631803035736083984375
631	3.143177438632164921727962791919708251953125
632	3.140010376082727816537953913211822509765625
633	3.143172431418634005240164697170257568359375
634	3.14001536748810394783504307270050048828125
635	3.143167455746379346237517893314361572265625
636	3.140020327500906205386854708194732666015625
637	3.143162511318450924591161310672760009765625
638	3.140025256416492993594147264957427978515625
639	3.143157597841536698979325592517852783203125
640	3.1400301545264710512128658592700958251953125
641	3.1431527150260762937250547111034393310546875
642	3.1400350221189228250295855104923248291015625
643	3.1431478625858062514453195035457611083984375
644	3.1400398594778380356729030609130859375
645	3.1431430402381010935641825199127197265625
646	3.1400446668841368591529317200183868408203125
647	3.1431382477038596334750764071941375732421875
648	3.1400494446151014926726929843425750732421875
649	3.1431334847076186633785255253314971923828125
650	3.1400541929448309019790031015872955322265625
651	3.1431287509770982069312594830989837646484375
652	3.1400589121436723871738649904727935791015625
653	3.1431240462430878324084915220737457275390625
654	3.1400636024787900169030763208866119384765625
655	3.1431193702402424605679698288440704345703125
656	3.1400682642143920020316727459430694580078125
657	3.1431147227061728699482046067714691162109375
658	3.140072897611162261455319821834564208984375
659	3.14311010338178675738163292407989501953125
660	3.140077502926942543126642704010009765625
661	3.143105512010833990643732249736785888671875
662	3.14008208041605030302889645099639892578125
663	3.143100948340361355803906917572021484375
664	3.1400866303298471393645741045475006103515625
665	3.1430964121205988703877665102481842041015625
666	3.1400911529170798530685715377330780029296875
667	3.1430919031046187228639610111713409423828125
668	3.1400956484229709531064145267009735107421875
669	3.1430874210481078989687375724315643310546875
670	3.140100117090014464338310062885284423828125
671	3.143082965710391363245435059070587158203125
672	3.1401045591579759275191463530063629150390625
673	3.1430785368530678169918246567249298095703125
674	3.140108974863551338785327970981597900390625
675	3.143074134240805506124161183834075927734375
676	3.1401133644407082101679407060146331787109375
677	3.1430697576410011606640182435512542724609375
678	3.1401177281207992564304731786251068115234375
679	3.1430654068236663079005666077136993408203125
680	3.1401220661319939608802087604999542236328125
681	3.1430610815617683329037390649318695068359375
682	3.1401263787005291305831633508205413818359375
683	3.1430567816308894180110655725002288818359375
684	3.140130666049344654311425983905792236328125
685	3.1430525068089991691522300243377685546875
686	3.1401349283991066840826533734798431396484375
687	3.1430482568767956763622350990772247314453125
688	3.1401391659677528878091834485530853271484375
689	3.1430440316177055137814022600650787353515625
690	3.1401433789709471966489218175411224365234375
691	3.1430398308174289923044852912425994873046875
692	3.1401475676215113708167336881160736083984375
693	3.1430356542640538464183919131755828857421875
694	3.1401517321299934337730519473552703857421875
695	3.1430315017483962947153486311435699462890625
696	3.140155872704553985386155545711517333984375
697	3.14302737306343260570429265499114990234375
698	3.140159989550966201932169497013092041015625
699	3.143023268004753845161758363246917724609375
700	3.1401640828726158360950648784637451171875
701	3.1430191863701111287809908390045166015625
702	3.1401681528705012169666588306427001953125
703	3.143015127959415622171945869922637939453125
704	3.1401721997434606237220577895641326904296875
705	3.1430110925751932882121764123439788818359375
706	3.1401762236879449119442142546176910400390625
707	3.1430070800219027660205028951168060302734375
708	3.1401802248982448872993700206279754638671875
709	3.1430030901063901183078996837139129638671875
710	3.14018420356660499237477779388427734375
711	3.142999122637547770864330232143402099609375
712	3.140188159882882246165536344051361083984375
713	3.14299517742665557307191193103790283203125
714	3.140192094035000991425476968288421630859375
715	3.142991254286926050554029643535614013671875
716	3.140196006208725520991720259189605712890625
717	3.142987353033504405175335705280303955078125
718	3.1401998965875463909469544887542724609375
719	3.142983473483809575554914772510528564453125
720	3.1402037653532488548080436885356903076171875
721	3.1429796154571931765531189739704132080078125
722	3.1402076126852307424996979534626007080078125
723	3.1429757787751668729470111429691314697265625
724	3.1402114387614119550562463700771331787109375
725	3.1429719632609476320794783532619476318359375
726	3.14021524375721128308214247226715087890625
727	3.142968168739798784372396767139434814453125
728	3.14021902784634221461601555347442626953125
729	3.14296439503914371016435325145721435546875
730	3.1402227912009266219683922827243804931640625
731	3.1429606419879974055220372974872589111328125
732	3.1402265339908126406953670084476470947265625
733	3.1429569094174212295911274850368499755859375
734	3.140230256384029416949488222599029541015625
735	3.142953197160068157245405018329620361328125
736	3.1402339585469007943174801766872406005859375
737	3.1429495050505238395999185740947723388671875
738	3.140237640643817940144799649715423583984375
739	3.14294583292530660401098430156707763671875
740	3.140241302837466719211079180240631103515625
741	3.142942180622640080400742590427398681640625
742	3.140244945288941380567848682403564453125
743	3.14293854798233951441943645477294921875
744	3.1402485681572898101876489818096160888671875
745	3.1429349348462665147962979972362518310546875
746	3.140252171600195651990361511707305908203125
747	3.14293134105764693231321871280670166015625
748	3.1402557557734098736546002328395843505859375
749	3.1429277664614119203179143369197845458984375
750	3.140259320831091827130876481533050537109375
751	3.14292421090431162156164646148681640625
752	3.140262866925695561803877353668212890625
753	3.14292067423457410768605768680572509765625
754	3.140266394208083511330187320709228515625
755	3.142917156302019066060893237590789794921875
756	3.1402699028275264936382882297039031982421875
757	3.1429136569582851734594441950321197509765625
758	3.140273392931931084604002535343170166015625
759	3.14291017605637534870766103267669677734375
760	3.140276864667384870699606835842132568359375
761	3.14290671345088412635959684848785400390625
762	3.1402803181784975095069967210292816162109375
763	3.1429032689981113435351289808750152587890625
764	3.1402837536085144165554083883762359619140625
765	3.1428998425554937057313509285449981689453125
766	3.1402871710989757048082537949085235595703125
767	3.1428964339821732210111804306507110595703125
768	3.1402905707900572451762855052947998046875
769	3.142893043138656139490194618701934814453125
770	3.1402939528203432928421534597873687744140625
771	3.1428896698870403270120732486248016357421875
772	3.1402973173271675477735698223114013671875
773	3.1428863140909015783108770847320556640625
774	3.1403006644464994678855873644351959228515625
775	3.1428829756149525564978830516338348388671875
776	3.1403039943126032085274346172809600830078125
777	3.1428796543253838535747490823268890380859375
778	3.1403073070586060566711239516735076904296875
779	3.1428763500899776772712357342243194580078125
780	3.1403106028161573703982867300510406494140625
781	3.1428730627775394168565981090068817138671875
782	3.1403138817155422657378949224948883056640625
783	3.1428697922584660773281939327716827392578125
784	3.140317143885795303503982722759246826171875
785	3.142866538404405218898318707942962646484375
786	3.14032038945470048929564654827117919921875
787	3.142863301088482330669648945331573486328125
788	3.1403236185489049603347666561603546142578125
789	3.1428600801847323964466340839862823486328125
790	3.140326831293123177601955831050872802734375
791	3.142856875568895702599547803401947021484375
792	3.1403300278115011678892187774181365966796875
793	3.1428536871172809696872718632221221923828125
794	3.14033320822636596858501434326171875
795	3.14285051470824328134767711162567138671875
796	3.140336372659248809213750064373016357421875
797	3.1428473582209335290826857089996337890625
798	3.1403395212304303640848957002162933349609375
799	3.1428442175359805332846008241176605224609375
800	3.1403426540588270654552616178989410400390625
801	3.1428410925346952353720553219318389892578125
802	3.1403457712621047903667204082012176513671875
803	3.1428379831000938793295063078403472900390625
804	3.14034887295701992115937173366546630859375
805	3.142834889116102203843183815479278564453125
806	3.1403519592589645981206558644771575927734375
807	3.1428318104677828159765340387821197509765625
808	3.14035503028208040632307529449462890625
809	3.142828747041448878007940948009490966796875
810	3.1403580861397131229750812053680419921875
811	3.142825698724436733755283057689666748046875
812	3.14036112694384428323246538639068603515625
813	3.1428226654052195954136550426483154296875
814	3.14036415280543224071152508258819580078125
815	3.142819646973521230393089354038238525390625
816	3.1403671638344121674890629947185516357421875
817	3.1428166433198612139676697552204132080078125
818	3.1403701601394686804269440472126007080078125
819	3.1428136543360096766264177858829498291015625
820	3.1403731418284905885229818522930145263671875
821	3.1428106799149873040732927620410919189453125
822	3.1403761090081161455600522458553314208984375
823	3.1428077199501558425254188477993011474609375
824	3.1403790617838467369438149034976959228515625
825	3.1428047743366960276034660637378692626953125
826	3.140382000260387940215878188610076904296875
827	3.142801842970584402792155742645263671875
828	3.140384924541649525053799152374267578125
829	3.14279892574859331944026052951812744140625
830	3.1403878347299496454070322215557098388671875
831	3.1427960225684046235983259975910186767578125
832	3.140390730926810647360980510711669921875
833	3.142793133329178090207278728485107421875
834	3.14039361323330012965016067028045654296875
835	3.142790257930528241558931767940521240234375
836	3.14039648174866670160554349422454833984375
837	3.14278739627343384199775755405426025390625
838	3.1403993365720452857203781604766845703125
839	3.142784548259442090056836605072021484375
840	3.1404021778008655019220896065235137939453125
841	3.1427817137911233658087439835071563720703125
842	3.14040500553210222278721630573272705078125
843	3.142778892772412291378714144229888916015625
844	3.1404078198619345130282454192638397216796875
845	3.1427760851075845494051463901996612548828125
846	3.1404106208852908821427263319492340087890625
847	3.1427732907021663777413778007030487060546875
848	3.140413408696304031764157116413116455078125
849	3.142770509462252448429353535175323486328125
850	3.140416183388197168824262917041778564453125
851	3.14276774129530167556367814540863037109375
852	3.140418945053397692390717566013336181640625
853	3.142764986109114033752121031284332275390625
854	3.1404216937834235068294219672679901123046875
855	3.1427622438126263659796677529811859130859375
856	3.140424429668883021804504096508026123046875
857	3.142759514315685009933076798915863037109375
858	3.140427152799702525953762233257293701171875
859	3.1427567975288184243254363536834716796875
860	3.1404298632647851263755001127719879150390625
861	3.1427540933633508757338859140872955322265625
862	3.1404325611521244354662485420703887939453125
863	3.1427514017317434991127811372280120849609375
864	3.1404352465493730051093734800815582275390625
865	3.1427487225470258636050857603549957275390625
866	3.140437919543046518811024725437164306640625
867	3.14274605572290965938009321689605712890625
868	3.140440580218637478537857532501220703125
869	3.142743401174129758146591484546661376953125
870	3.14044322866129732574336230754852294921875
871	3.14274075881621683947741985321044921875
872	3.140445864955154320341534912586212158203125
873	3.14273812856527001713402569293975830078125
874	3.1404484891835409143823198974132537841796875
875	3.1427355103384115864173509180545806884765625
876	3.1404511014292211257270537316799163818359375
877	3.1427329040531049031415022909641265869140625
878	3.1404537017739357906975783407688140869140625
879	3.1427303096280638783355243504047393798828125
880	3.140456290298970998264849185943603515625
881	3.142727726982457170379348099231719970703125
882	3.140458867084589655860327184200286865234375
883	3.142725156036249245516955852508544921875
884	3.1404614322105999235645867884159088134765625
885	3.1427225967103140646941028535366058349609375
886	3.1404639857561278404318727552890777587890625
887	3.1427200489257529625319875776767730712890625
888	3.1404665277990488903014920651912689208984375
889	3.1427175126046904551913030445575714111328125
890	3.140469058417011183337308466434478759765625
891	3.142714987670160553534515202045440673828125
892	3.1404715776870943955145776271820068359375
893	3.142712474045538328937254846096038818359375
894	3.1404740856852413344313390552997589111328125
895	3.1427099716548809738014824688434600830078125
896	3.14047658248682637349702417850494384765625
897	3.142707480423041488393209874629974365234375
898	3.1404790681668828256078995764255523681640625
899	3.1427050002758960545179434120655059814453125
900	3.14048154279953450895845890045166015625
901	3.142702531139320853981189429759979248046875
902	3.14048400645833680755458772182464599609375
903	3.142700072940215250127948820590972900390625
904	3.1404864592158219238626770675182342529296875
905	3.1426976256060470404918305575847625732421875
906	3.1404889011445220603491179645061492919921875
907	3.1426951890649661436327733099460601806640625
908	3.1404913323157188642653636634349822998046875
909	3.1426927632456909122993238270282745361328125
910	3.140493752800466609187424182891845703125
911	3.142690348077621820266358554363250732421875
912	3.14049616266902376082725822925567626953125
913	3.14268794349072777549736201763153076171875
914	3.1404985619910803507082164287567138671875
915	3.142685549415773493819870054721832275390625
916	3.1405009508358716630027629435062408447265625
917	3.1426831657839784384123049676418304443359375
918	3.14050332927172348718158900737762451171875
919	3.142680792527016819803975522518157958984375
920	3.1405056973666205522022210061550140380859375
921	3.1426784295773586563882417976856231689453125
922	3.140508055187865465995855629444122314453125
923	3.142676076867928713909350335597991943359375
924	3.140510402801965028629638254642486572265625
925	3.142673734332447565975598990917205810546875
926	3.140512740275198666495271027088165283203125
927	3.14267140190486315987072885036468505859375
928	3.1405150676731636849581263959407806396484375
929	3.1426690795200329375802539288997650146484375
930	3.1405173850606615815195254981517791748046875
931	3.1426667671131554016028530895709991455078125
932	3.1405196925023801668430678546428680419921875
933	3.1426644646202248623012565076351165771484375
934	3.1405219900622114437283016741275787353515625
935	3.1426621719775766905513592064380645751953125
936	3.1405242778033652939484454691410064697265625
937	3.1426598891220010045799426734447479248046875
938	3.1405265557887105387635529041290283203125
939	3.1426576159910837304778397083282470703125
940	3.140528824080547565245069563388824462890625
941	3.142655352522751854849047958850860595703125
942	3.1405310827404946394381113350391387939453125
943	3.1426530986556144853238947689533233642578125
944	3.140533331830056340550072491168975830078125
945	3.14265085432862179004587233066558837890625
946	3.1405355714096003794111311435699462890625
947	3.142648619481406058184802532196044921875
948	3.140537801539494466851465404033660888671875
949	3.14264639405382695258595049381256103515625
950	3.1405400222793105058372020721435546875
951	3.1426441779867673176340758800506591796875
952	3.140542233688393025659024715423583984375
953	3.14264197122110999771393835544586181640625
954	3.1405444358252907477435655891895294189453125
955	3.1426397736983062713989056646823883056640625
956	3.140546628748097646166570484638214111328125
957	3.142637585360716911964118480682373046875
958	3.1405488125147940081660635769367218017578125
959	3.1426354061505890058469958603382110595703125
960	3.14055098718245062627829611301422119140625
961	3.14263323601107913418672978878021240234375
962	3.140553152807797232526354491710662841796875
963	3.1426310748856849386356770992279052734375
964	3.1405553094472224984201602637767791748046875
965	3.1426289227182451213593594729900360107421875
966	3.1405574571564329744433052837848663330078125
967	3.1426267794532805055496282875537872314453125
968	3.1405595959907941505662165582180023193359375
969	3.1426246450356529749114997684955596923828125
970	3.1405617260053304562461562454700469970703125
971	3.1426225194105654736631549894809722900390625
972	3.1405638472541568262386135756969451904296875
973	3.1426204025239030670491047203540802001953125
974	3.140565959791501882136799395084381103515625
975	3.14261829432189188082702457904815673828125
976	3.140568063671025811345316469669342041015625
977	3.142616194751326474943198263645172119140625
978	3.1405701589457066802424378693103790283203125
979	3.1426141037590014093439094722270965576171875
980	3.140572245668181494693271815776824951171875
981	3.1426120212927344255149364471435546875
982	3.140574323890859886887483298778533935546875
983	3.142609947300343264942057430744171142578125
984	3.140576393665469367988407611846923828125
985	3.1426078817303277901373803615570068359375
986	3.1405784550433963886462152004241943359375
987	3.142605824531301550450734794139862060546875
988	3.1405805080756863389979116618633270263671875
989	3.1426037756526739030960015952587127685546875
990	3.140582552812929861829616129398345947265625
991	3.142601735044081578962504863739013671875
992	3.1405845893053765394142828881740570068359375
993	3.1425997026555023694527335464954376220703125
994	3.1405866176027075198362581431865692138671875
995	3.1425976784372551264823414385318756103515625
996	3.1405886377542628906667232513427734375
997	3.14259566234022713615559041500091552734375
998	3.14059064980892799212597310543060302734375
999	3.1425936543155330582521855831146240234375
1000	3.1405926538153607907588593661785125732421875
