100
1 2
1.03378 1.93463
1.06759 1.86949
1.10143 1.80481
1.13533 1.74082
1.16932 1.67775
1.2034 1.61583
1.23761 1.5553
1.27196 1.49637
1.30647 1.43929
1.34116 1.38428
1.37605 1.33158
1.41117 1.28141
1.44653 1.234
1.48215 1.18958
1.51805 1.14839
1.55426 1.11066
1.59079 1.0766
1.62767 1.04647
1.6649 1.02048
1.70252 0.998859
1.74055 0.981849
1.779 0.969675
1.81789 0.962567
1.85725 0.960756
1.8971 0.964472
1.93745 0.973946
1.97832 0.989407
2.01974 1.01108
2.0617 1.03893
2.10418 1.07271
2.14716 1.1121
2.1906 1.15684
2.23448 1.20662
2.27879 1.26116
2.32348 1.32017
2.36854 1.38337
2.41395 1.45046
2.45967 1.52115
2.50568 1.59516
2.55196 1.6722
2.59847 1.75198
2.64521 1.83422
2.69213 1.91861
2.73921 2.00488
2.78644 2.09274
2.83378 2.1819
2.88121 2.27206
2.9287 2.36295
2.97623 2.45427
3.02377 2.54573
3.0713 2.63705
3.11879 2.72794
3.16622 2.8181
3.21356 2.90726
3.26079 2.99512
3.30787 3.08139
3.35479 3.16578
3.40153 3.24802
3.44804 3.3278
3.49432 3.40484
3.54033 3.47885
3.58605 3.54954
3.63146 3.61663
3.67652 3.67983
3.72121 3.73884
3.76552 3.79338
3.8094 3.84316
3.85284 3.8879
3.89582 3.92729
3.9383 3.96107
3.98026 3.98892
4.02168 4.01059
4.06255 4.02605
4.1029 4.03553
4.14275 4.03924
4.18211 4.03743
4.221 4.03033
4.25945 4.01815
4.29748 4.00114
4.3351 3.97952
4.37233 3.95353
4.40921 3.9234
4.44574 3.88934
4.48195 3.85161
4.51785 3.81042
4.55347 3.766
4.58883 3.71859
4.62395 3.66842
4.65884 3.61572
4.69353 3.56071
4.72804 3.50363
4.76239 3.4447
4.7966 3.38417
4.83068 3.32225
4.86467 3.25918
4.89857 3.19519
4.93241 3.13051
4.96622 3.06537
5 3

2.55261 1.67332

1 2
1.04575 1.92989
1.09147 1.86007
1.13713 1.79086
1.1827 1.72256
1.22814 1.65546
1.27343 1.58987
1.31854 1.52608
1.36344 1.46441
1.40809 1.40514
1.45247 1.34859
1.49654 1.29505
1.54027 1.24483
1.58364 1.19822
1.62661 1.15553
1.66916 1.11706
1.71125 1.08311
1.75285 1.05398
1.79392 1.02998
1.83446 1.0114
1.87441 0.998547
1.91375 0.991721
1.95244 0.991224
1.99047 0.997357
2.0278 1.01038
2.06446 1.03017
2.1005 1.05641
2.13596 1.08878
2.1709 1.12697
2.20536 1.17066
2.2394 1.21953
2.27307 1.27325
2.3064 1.33152
2.33947 1.394
2.37231 1.4604
2.40497 1.53038
2.4375 1.60363
2.46996 1.67982
2.50239 1.75865
2.53485 1.83979
2.56737 1.92293
2.60002 2.00774
2.63284 2.09391
2.66588 2.18112
2.69919 2.26905
2.73282 2.35738
2.76682 2.44579
2.80124 2.53397
2.83612 2.6216
2.87153 2.70836
2.90751 2.79393
2.9441 2.87799
2.98136 2.96022
3.01934 3.04031
3.05804 3.11805
3.09742 3.19331
3.13744 3.26598
3.17806 3.33595
3.21925 3.4031
3.26096 3.46731
3.30315 3.52848
3.34578 3.58648
3.38882 3.6412
3.43221 3.69253
3.47594 3.74035
3.51994 3.78455
3.56419 3.82501
3.60864 3.86161
3.65325 3.89425
3.69799 3.9228
3.74281 3.94716
3.78767 3.9672
3.83254 3.98282
3.87738 3.99389
3.92213 4.00031
3.96677 4.00195
4.01126 3.99871
4.05556 3.99057
4.09969 3.97773
4.14365 3.9604
4.18746 3.93879
4.23111 3.91312
4.27461 3.88359
4.31799 3.85044
4.36123 3.81386
4.40435 3.77407
4.44737 3.73129
4.49028 3.68573
4.53309 3.6376
4.57582 3.58712
4.61846 3.53451
4.66104 3.47996
4.70355 3.42371
4.746 3.36596
4.78841 3.30693
4.83077 3.24682
4.87311 3.18587
4.91542 3.12427
4.95771 3.06224
5 3
