1
7
1.47792857142857144481e+02 9.79178571428571444812e+01 7.57511904761904730776e+01 6.24511904761904830252e+01 5.33830086580086629056e+01 4.67330086580086572212e+01 4.16176240426240440229e+01 
5.70000000000000000000e+01 2.85000000000000000000e+01 1.90000000000000000000e+01 1.42500000000000000000e+01 1.14000000000000003553e+01 9.50000000000000000000e+00 8.14285714285714234961e+00 
2.85000000000000000000e+01 1.90000000000000000000e+01 1.42500000000000000000e+01 1.14000000000000003553e+01 9.50000000000000000000e+00 8.14285714285714234961e+00 7.12500000000000000000e+00 
1.90000000000000000000e+01 1.42500000000000000000e+01 1.14000000000000003553e+01 9.50000000000000000000e+00 8.14285714285714234961e+00 7.12500000000000000000e+00 6.33333333333333303727e+00 
1.42500000000000000000e+01 1.14000000000000003553e+01 9.50000000000000000000e+00 8.14285714285714234961e+00 7.12500000000000000000e+00 6.33333333333333303727e+00 5.70000000000000017764e+00 
1.14000000000000003553e+01 9.50000000000000000000e+00 8.14285714285714234961e+00 7.12500000000000000000e+00 6.33333333333333303727e+00 5.70000000000000017764e+00 5.18181818181818165669e+00 
9.50000000000000000000e+00 8.14285714285714234961e+00 7.12500000000000000000e+00 6.33333333333333303727e+00 5.70000000000000017764e+00 5.18181818181818165669e+00 4.75000000000000000000e+00 
8.14285714285714234961e+00 7.12500000000000000000e+00 6.33333333333333303727e+00 5.70000000000000017764e+00 5.18181818181818165669e+00 4.75000000000000000000e+00 4.38461538461538502531e+00 
