100
1 2
1.04813 1.9321
1.09623 1.86449
1.14427 1.79743
1.19223 1.73121
1.24008 1.6661
1.2878 1.60238
1.33535 1.54034
1.3827 1.48024
1.42983 1.42238
1.47672 1.36702
1.52333 1.31445
1.56964 1.26494
1.61561 1.21877
1.66123 1.17623
1.70646 1.13759
1.75128 1.10312
1.79565 1.07312
1.83956 1.04785
1.88297 1.02759
1.92585 1.01263
1.96819 1.00324
2.00994 0.999699
2.05111 1.00213
2.0917 1.01036
2.13173 1.02415
2.17124 1.04331
2.21024 1.06759
2.24875 1.0968
2.2868 1.1307
2.3244 1.16908
2.36159 1.21173
2.39837 1.25842
2.43477 1.30893
2.47081 1.36305
2.50652 1.42056
2.54192 1.48123
2.57702 1.54486
2.61186 1.61122
2.64644 1.68009
2.6808 1.75126
2.71495 1.8245
2.74892 1.8996
2.78273 1.97634
2.81639 2.0545
2.84994 2.13386
2.88338 2.2142
2.91676 2.29531
2.95008 2.37697
2.98336 2.45895
3.01664 2.54105
3.04992 2.62303
3.08324 2.70469
3.11662 2.7858
3.15006 2.86614
3.18361 2.9455
3.21727 3.02366
3.25108 3.1004
3.28505 3.1755
3.3192 3.24874
3.35356 3.31991
3.38814 3.38878
3.42298 3.45514
3.45808 3.51877
3.49348 3.57944
3.52919 3.63695
3.56523 3.69107
3.60163 3.74158
3.63841 3.78827
3.6756 3.83092
3.7132 3.8693
3.75125 3.9032
3.78976 3.93241
3.82876 3.95669
3.86827 3.97585
3.9083 3.98964
3.94889 3.99787
3.99006 4.0003
4.03181 3.99676
4.07415 3.98737
4.11703 3.97241
4.16044 3.95215
4.20435 3.92688
4.24872 3.89688
4.29354 3.86241
4.33877 3.82377
4.38439 3.78123
4.43036 3.73506
4.47667 3.68555
4.52328 3.63298
4.57017 3.57762
4.6173 3.51976
4.66465 3.45966
4.7122 3.39762
4.75992 3.3339
4.80777 3.26879
4.85573 3.20257
4.90377 3.13551
4.95187 3.0679
5 3

2.6473 1.68184

1 2
1.0511 1.932
1.10213 1.86428
1.15304 1.79713
1.20376 1.73081
1.25423 1.6656
1.3044 1.6018
1.35419 1.53968
1.40355 1.47951
1.45241 1.42158
1.50071 1.36617
1.54839 1.31356
1.59539 1.26402
1.64164 1.21784
1.68709 1.17529
1.73167 1.13666
1.77531 1.10223
1.81797 1.07227
1.85956 1.04707
1.90005 1.0269
1.93935 1.01204
1.97741 1.00278
2.01416 0.999392
2.04962 1.00194
2.08384 1.01024
2.11691 1.02406
2.14892 1.04319
2.17993 1.06743
2.21003 1.09654
2.2393 1.13032
2.26782 1.16855
2.29568 1.21101
2.32294 1.25749
2.34969 1.30777
2.37601 1.36164
2.40199 1.41888
2.42769 1.47927
2.4532 1.5426
2.4786 1.60865
2.50398 1.67721
2.5294 1.74807
2.55495 1.82099
2.58072 1.89578
2.60677 1.97221
2.6332 2.05006
2.66007 2.12913
2.68748 2.2092
2.71549 2.29004
2.7442 2.37145
2.77368 2.45321
2.804 2.5351
2.83526 2.61691
2.86753 2.69841
2.90089 2.77941
2.93542 2.85967
2.9712 2.93898
3.00831 3.01714
3.04678 3.09391
3.08655 3.16908
3.12753 3.24244
3.16965 3.31375
3.21282 3.3828
3.25696 3.44938
3.30199 3.51325
3.34783 3.5742
3.39441 3.63201
3.44163 3.68645
3.48943 3.73732
3.53771 3.78438
3.5864 3.82742
3.63542 3.86621
3.68469 3.90055
3.73412 3.93019
3.78364 3.95494
3.83317 3.97456
3.88261 3.98884
3.93191 3.99755
3.98097 4.00047
4.02971 3.99741
4.07812 3.98844
4.1262 3.97383
4.17398 3.95386
4.22147 3.92882
4.26868 3.89899
4.31564 3.86465
4.36235 3.82608
4.40884 3.78356
4.45512 3.73738
4.50121 3.68782
4.54712 3.63515
4.59286 3.57967
4.63847 3.52165
4.68394 3.46138
4.7293 3.39913
4.77457 3.33519
4.81975 3.26985
4.86487 3.20337
4.90994 3.13605
4.95498 3.06817
5 3
