100
1 2
1.02021 1.92933
1.04048 1.85888
1.06086 1.78888
1.0814 1.71955
1.10217 1.6511
1.12322 1.58377
1.1446 1.51778
1.16637 1.45334
1.18858 1.39068
1.2113 1.33003
1.23457 1.2716
1.25845 1.21563
1.283 1.16232
1.30828 1.11191
1.33434 1.06461
1.36122 1.02066
1.389 0.980262
1.41773 0.943651
1.44746 0.911048
1.47824 0.882674
1.51014 0.858753
1.54321 0.839506
1.5775 0.825157
1.61307 0.815928
1.64998 0.812041
1.68828 0.81372
1.72802 0.821187
1.76927 0.834664
1.81208 0.854375
1.8565 0.880541
1.90259 0.913385
1.9504 0.953131
2 1
2.0514 1.0541
2.10453 1.11511
2.15928 1.18257
2.21553 1.25604
2.27316 1.33508
2.33208 1.41923
2.39217 1.50807
2.45331 1.60113
2.5154 1.69797
2.57833 1.79816
2.64198 1.90123
2.70624 2.00676
2.771 2.11429
2.83615 2.22338
2.90158 2.33358
2.96717 2.44445
3.03283 2.55555
3.09842 2.66642
3.16385 2.77662
3.229 2.88571
3.29376 2.99324
3.35802 3.09877
3.42167 3.20184
3.4846 3.30203
3.54669 3.39887
3.60783 3.49193
3.66792 3.58077
3.72684 3.66492
3.78447 3.74396
3.84072 3.81743
3.89547 3.88489
3.9486 3.9459
4 4
4.0496 4.04687
4.09741 4.08661
4.1435 4.11946
4.18792 4.14563
4.23073 4.16534
4.27198 4.17881
4.31172 4.18628
4.35002 4.18796
4.38693 4.18407
4.4225 4.17484
4.45679 4.16049
4.48986 4.14125
4.52176 4.11733
4.55254 4.08895
4.58227 4.05635
4.611 4.01974
4.63878 3.97934
4.66566 3.93539
4.69172 3.88809
4.717 3.83768
4.74155 3.78437
4.76543 3.7284
4.7887 3.66997
4.81142 3.60932
4.83363 3.54666
4.8554 3.48222
4.87678 3.41623
4.89783 3.3489
4.9186 3.28045
4.93914 3.21112
4.95952 3.14112
4.97979 3.07067
5 3

2.50358 1.67936

1 2
0.992947 1.8568
0.986101 1.71422
0.979666 1.57289
0.97385 1.43343
0.968858 1.29645
0.964895 1.16259
0.962169 1.03246
0.960884 0.906698
0.961248 0.785911
0.963466 0.670728
0.967743 0.56177
0.974287 0.459661
0.983303 0.365024
0.994997 0.27848
1.00957 0.200652
1.02724 0.132163
1.04821 0.0736358
1.07267 0.0256926
1.10085 -0.0110439
1.13294 -0.0359511
1.16914 -0.0484065
1.20968 -0.0477873
1.25475 -0.0334711
1.30455 -0.00483528
1.3593 0.0387428
1.4192 0.0978858
1.48445 0.173216
1.55527 0.265357
1.63186 0.37493
1.71442 0.502558
1.80316 0.648864
1.89828 0.81447
2 1
2.1082 1.20521
2.22154 1.42639
2.33835 1.65896
2.45696 1.89834
2.57572 2.13997
2.69295 2.37926
2.807 2.61163
2.91619 2.83252
3.01887 3.03735
3.11393 3.22303
3.20157 3.38994
3.28216 3.5389
3.35606 3.67074
3.42365 3.78631
3.48529 3.88643
3.54136 3.97195
3.59222 4.0437
3.63824 4.1025
3.6798 4.14921
3.71727 4.18465
3.75101 4.20965
3.7814 4.22506
3.8088 4.23171
3.83358 4.23043
3.85612 4.22206
3.87678 4.20743
3.89594 4.18738
3.91397 4.16275
3.93122 4.13436
3.94809 4.10306
3.96492 4.06967
3.9821 4.03504
4 4
4.01891 3.96524
4.03888 3.93089
4.05986 3.89695
4.08183 3.86338
4.10475 3.83019
4.12859 3.79736
4.15332 3.76488
4.1789 3.73273
4.2053 3.7009
4.2325 3.66938
4.26044 3.63816
4.28912 3.60721
4.31848 3.57654
4.3485 3.54613
4.37914 3.51596
4.41037 3.48602
4.44216 3.4563
4.47448 3.42678
4.50729 3.39746
4.54057 3.36832
4.57426 3.33935
4.60836 3.31052
4.64281 3.28185
4.67759 3.25329
4.71267 3.22486
4.74801 3.19653
4.78358 3.16828
4.81935 3.14012
4.85528 3.11202
4.89135 3.08397
4.92751 3.05596
4.96374 3.02797
5 3
