100
1 2
1.03378 1.93463
1.06759 1.86949
1.10143 1.80481
1.13533 1.74082
1.16932 1.67775
1.2034 1.61583
1.23761 1.5553
1.27196 1.49637
1.30647 1.43929
1.34116 1.38428
1.37605 1.33158
1.41117 1.28141
1.44653 1.234
1.48215 1.18958
1.51805 1.14839
1.55426 1.11066
1.59079 1.0766
1.62767 1.04647
1.6649 1.02048
1.70252 0.998859
1.74055 0.981849
1.779 0.969675
1.81789 0.962567
1.85725 0.960756
1.8971 0.964472
1.93745 0.973946
1.97832 0.989407
2.01974 1.01108
2.0617 1.03893
2.10418 1.07271
2.14716 1.1121
2.1906 1.15684
2.23448 1.20662
2.27879 1.26116
2.32348 1.32017
2.36854 1.38337
2.41395 1.45046
2.45967 1.52115
2.50568 1.59516
2.55196 1.6722
2.59847 1.75198
2.64521 1.83422
2.69213 1.91861
2.73921 2.00488
2.78644 2.09274
2.83378 2.1819
2.88121 2.27206
2.9287 2.36295
2.97623 2.45427
3.02377 2.54573
3.0713 2.63705
3.11879 2.72794
3.16622 2.8181
3.21356 2.90726
3.26079 2.99512
3.30787 3.08139
3.35479 3.16578
3.40153 3.24802
3.44804 3.3278
3.49432 3.40484
3.54033 3.47885
3.58605 3.54954
3.63146 3.61663
3.67652 3.67983
3.72121 3.73884
3.76552 3.79338
3.8094 3.84316
3.85284 3.8879
3.89582 3.92729
3.9383 3.96107
3.98026 3.98892
4.02168 4.01059
4.06255 4.02605
4.1029 4.03553
4.14275 4.03924
4.18211 4.03743
4.221 4.03033
4.25945 4.01815
4.29748 4.00114
4.3351 3.97952
4.37233 3.95353
4.40921 3.9234
4.44574 3.88934
4.48195 3.85161
4.51785 3.81042
4.55347 3.766
4.58883 3.71859
4.62395 3.66842
4.65884 3.61572
4.69353 3.56071
4.72804 3.50363
4.76239 3.4447
4.7966 3.38417
4.83068 3.32225
4.86467 3.25918
4.89857 3.19519
4.93241 3.13051
4.96622 3.06537
5 3

2.55261 1.67332

1 2
1.01819 1.88839
1.03653 1.77739
1.05515 1.66757
1.0742 1.55955
1.09383 1.45391
1.11418 1.35126
1.1354 1.25219
1.15761 1.15729
1.18098 1.06718
1.20565 0.982434
1.23175 0.903659
1.25944 0.831451
1.28885 0.766405
1.32013 0.709119
1.35342 0.660191
1.38887 0.620216
1.42663 0.589792
1.46683 0.569516
1.50962 0.559984
1.55514 0.561794
1.60353 0.575543
1.65495 0.601827
1.70954 0.641243
1.76743 0.694388
1.82877 0.76186
1.89371 0.844255
1.96239 0.94217
2.03494 1.05615
2.11111 1.18546
2.19026 1.32797
2.27172 1.48149
2.35483 1.64385
2.43891 1.81284
2.52331 1.98628
2.60736 2.16199
2.69039 2.33777
2.77173 2.51144
2.85073 2.6808
2.92671 2.84368
2.999 2.99788
3.06709 3.14162
3.131 3.27479
3.19091 3.39771
3.24701 3.51072
3.29949 3.61414
3.34852 3.70831
3.39428 3.79354
3.43697 3.87018
3.47676 3.93854
3.51383 3.99896
3.54837 4.05176
3.58056 4.09728
3.61059 4.13584
3.63863 4.16777
3.66487 4.19341
3.6895 4.21306
3.71269 4.22708
3.73462 4.23578
3.75549 4.2395
3.77547 4.23855
3.79474 4.23328
3.8135 4.22401
3.83191 4.21106
3.85017 4.19478
3.86846 4.17547
3.88695 4.15349
3.90584 4.12914
3.9253 4.10276
3.94552 4.07469
3.96668 4.04524
3.98897 4.01475
4.01256 3.98354
4.0375 3.95177
4.06377 3.91948
4.0913 3.88668
4.12004 3.85339
4.14995 3.81963
4.18097 3.78543
4.21306 3.7508
4.24615 3.71577
4.28021 3.68035
4.31518 3.64457
4.35101 3.60844
4.38765 3.57198
4.42505 3.53522
4.46316 3.49818
4.50192 3.46087
4.54129 3.42332
4.58122 3.38555
4.62166 3.34757
4.66255 3.30941
4.70384 3.27109
4.74549 3.23263
4.78745 3.19404
4.82965 3.15536
4.87206 3.11659
4.91462 3.07776
4.95729 3.03889
5 3
