1
7
1.67391668650009994507e+10 1.67391668650009994507e+10 1.67391668650009994507e+10 1.67391668650009994507e+10 1.67391668650009994507e+10 1.67391668650009994507e+10 1.67391668650009994507e+10 
1.89433637000099992752e+09 1.54462317600000000000e+09 2.85305613000000000000e+09 8.51573423000000000000e+08 7.05845056000000000000e+08 4.44878998000000000000e+09 4.44094273000000000000e+09 
1.89433637000000000000e+09 1.54462317600099992752e+09 2.85305613000000000000e+09 8.51573423000000000000e+08 7.05845056000000000000e+08 4.44878998000000000000e+09 4.44094273000000000000e+09 
1.89433637000000000000e+09 1.54462317600000000000e+09 2.85305613000099992752e+09 8.51573423000000000000e+08 7.05845056000000000000e+08 4.44878998000000000000e+09 4.44094273000000000000e+09 
1.89433637000000000000e+09 1.54462317600000000000e+09 2.85305613000000000000e+09 8.51573423001000046730e+08 7.05845056000000000000e+08 4.44878998000000000000e+09 4.44094273000000000000e+09 
1.89433637000000000000e+09 1.54462317600000000000e+09 2.85305613000000000000e+09 8.51573423000000000000e+08 7.05845056001000046730e+08 4.44878998000000000000e+09 4.44094273000000000000e+09 
1.89433637000000000000e+09 1.54462317600000000000e+09 2.85305613000000000000e+09 8.51573423000000000000e+08 7.05845056000000000000e+08 4.44878998000100040436e+09 4.44094273000000000000e+09 
1.89433637000000000000e+09 1.54462317600000000000e+09 2.85305613000000000000e+09 8.51573423000000000000e+08 7.05845056000000000000e+08 4.44878998000000000000e+09 4.44094273000100040436e+09 
