1	3.18316650390625
2	3.1405029296875
3	3.1414794921875
4	3.14141845703125
5	3.14141845703125
6	3.14141845703125
7	3.14141845703125
8	3.14141845703125
9	3.14141845703125
10	3.14141845703125
11	3.14141845703125
12	3.14141845703125
13	3.14141845703125
14	3.14141845703125
15	3.14141845703125
16	3.14141845703125
17	3.14141845703125
18	3.14141845703125
19	3.14141845703125
20	3.14141845703125
21	3.14141845703125
22	3.14141845703125
23	3.14141845703125
24	3.14141845703125
25	3.14141845703125
26	3.14141845703125
27	3.14141845703125
28	3.14141845703125
29	3.14141845703125
30	3.14141845703125
31	3.14141845703125
32	3.14141845703125
33	3.14141845703125
34	3.14141845703125
35	3.14141845703125
36	3.14141845703125
37	3.14141845703125
38	3.14141845703125
39	3.14141845703125
40	3.14141845703125
41	3.14141845703125
42	3.14141845703125
43	3.14141845703125
44	3.14141845703125
45	3.14141845703125
46	3.14141845703125
47	3.14141845703125
48	3.14141845703125
49	3.14141845703125
50	3.14141845703125
51	3.14141845703125
52	3.14141845703125
53	3.14141845703125
54	3.14141845703125
55	3.14141845703125
56	3.14141845703125
57	3.14141845703125
58	3.14141845703125
59	3.14141845703125
60	3.14141845703125
61	3.14141845703125
62	3.14141845703125
63	3.14141845703125
64	3.14141845703125
65	3.14141845703125
66	3.14141845703125
67	3.14141845703125
68	3.14141845703125
69	3.14141845703125
70	3.14141845703125
71	3.14141845703125
72	3.14141845703125
73	3.14141845703125
74	3.14141845703125
75	3.14141845703125
76	3.14141845703125
77	3.14141845703125
78	3.14141845703125
79	3.14141845703125
80	3.14141845703125
81	3.14141845703125
82	3.14141845703125
83	3.14141845703125
84	3.14141845703125
85	3.14141845703125
86	3.14141845703125
87	3.14141845703125
88	3.14141845703125
89	3.14141845703125
90	3.14141845703125
91	3.14141845703125
92	3.14141845703125
93	3.14141845703125
94	3.14141845703125
95	3.14141845703125
96	3.14141845703125
97	3.14141845703125
98	3.14141845703125
99	3.14141845703125
100	3.14141845703125
101	3.14141845703125
102	3.14141845703125
103	3.14141845703125
104	3.14141845703125
105	3.14141845703125
106	3.14141845703125
107	3.14141845703125
108	3.14141845703125
109	3.14141845703125
110	3.14141845703125
111	3.14141845703125
112	3.14141845703125
113	3.14141845703125
114	3.14141845703125
115	3.14141845703125
116	3.14141845703125
117	3.14141845703125
118	3.14141845703125
119	3.14141845703125
120	3.14141845703125
121	3.14141845703125
122	3.14141845703125
123	3.14141845703125
124	3.14141845703125
125	3.14141845703125
126	3.14141845703125
127	3.14141845703125
128	3.14141845703125
129	3.14141845703125
130	3.14141845703125
131	3.14141845703125
132	3.14141845703125
133	3.14141845703125
134	3.14141845703125
135	3.14141845703125
136	3.14141845703125
137	3.14141845703125
138	3.14141845703125
139	3.14141845703125
140	3.14141845703125
141	3.14141845703125
142	3.14141845703125
143	3.14141845703125
144	3.14141845703125
145	3.14141845703125
146	3.14141845703125
147	3.14141845703125
148	3.14141845703125
149	3.14141845703125
150	3.14141845703125
151	3.14141845703125
152	3.14141845703125
153	3.14141845703125
154	3.14141845703125
155	3.14141845703125
156	3.14141845703125
157	3.14141845703125
158	3.14141845703125
159	3.14141845703125
160	3.14141845703125
161	3.14141845703125
162	3.14141845703125
163	3.14141845703125
164	3.14141845703125
165	3.14141845703125
166	3.14141845703125
167	3.14141845703125
168	3.14141845703125
169	3.14141845703125
170	3.14141845703125
171	3.14141845703125
172	3.14141845703125
173	3.14141845703125
174	3.14141845703125
175	3.14141845703125
176	3.14141845703125
177	3.14141845703125
178	3.14141845703125
179	3.14141845703125
180	3.14141845703125
181	3.14141845703125
182	3.14141845703125
183	3.14141845703125
184	3.14141845703125
185	3.14141845703125
186	3.14141845703125
187	3.14141845703125
188	3.14141845703125
189	3.14141845703125
190	3.14141845703125
191	3.14141845703125
192	3.14141845703125
193	3.14141845703125
194	3.14141845703125
195	3.14141845703125
196	3.14141845703125
197	3.14141845703125
198	3.14141845703125
199	3.14141845703125
200	3.14141845703125
201	3.14141845703125
202	3.14141845703125
203	3.14141845703125
204	3.14141845703125
205	3.14141845703125
206	3.14141845703125
207	3.14141845703125
208	3.14141845703125
209	3.14141845703125
210	3.14141845703125
211	3.14141845703125
212	3.14141845703125
213	3.14141845703125
214	3.14141845703125
215	3.14141845703125
216	3.14141845703125
217	3.14141845703125
218	3.14141845703125
219	3.14141845703125
220	3.14141845703125
221	3.14141845703125
222	3.14141845703125
223	3.14141845703125
224	3.14141845703125
225	3.14141845703125
226	3.14141845703125
227	3.14141845703125
228	3.14141845703125
229	3.14141845703125
230	3.14141845703125
231	3.14141845703125
232	3.14141845703125
233	3.14141845703125
234	3.14141845703125
235	3.14141845703125
236	3.14141845703125
237	3.14141845703125
238	3.14141845703125
239	3.14141845703125
240	3.14141845703125
241	3.14141845703125
242	3.14141845703125
243	3.14141845703125
244	3.14141845703125
245	3.14141845703125
246	3.14141845703125
247	3.14141845703125
248	3.14141845703125
249	3.14141845703125
250	3.14141845703125
251	3.14141845703125
252	3.14141845703125
253	3.14141845703125
254	3.14141845703125
255	3.14141845703125
256	3.14141845703125
257	3.14141845703125
258	3.14141845703125
259	3.14141845703125
260	3.14141845703125
261	3.14141845703125
262	3.14141845703125
263	3.14141845703125
264	3.14141845703125
265	3.14141845703125
266	3.14141845703125
267	3.14141845703125
268	3.14141845703125
269	3.14141845703125
270	3.14141845703125
271	3.14141845703125
272	3.14141845703125
273	3.14141845703125
274	3.14141845703125
275	3.14141845703125
276	3.14141845703125
277	3.14141845703125
278	3.14141845703125
279	3.14141845703125
280	3.14141845703125
281	3.14141845703125
282	3.14141845703125
283	3.14141845703125
284	3.14141845703125
285	3.14141845703125
286	3.14141845703125
287	3.14141845703125
288	3.14141845703125
289	3.14141845703125
290	3.14141845703125
291	3.14141845703125
292	3.14141845703125
293	3.14141845703125
294	3.14141845703125
295	3.14141845703125
296	3.14141845703125
297	3.14141845703125
298	3.14141845703125
299	3.14141845703125
300	3.14141845703125
301	3.14141845703125
302	3.14141845703125
303	3.14141845703125
304	3.14141845703125
305	3.14141845703125
306	3.14141845703125
307	3.14141845703125
308	3.14141845703125
309	3.14141845703125
310	3.14141845703125
311	3.14141845703125
312	3.14141845703125
313	3.14141845703125
314	3.14141845703125
315	3.14141845703125
316	3.14141845703125
317	3.14141845703125
318	3.14141845703125
319	3.14141845703125
320	3.14141845703125
321	3.14141845703125
322	3.14141845703125
323	3.14141845703125
324	3.14141845703125
325	3.14141845703125
326	3.14141845703125
327	3.14141845703125
328	3.14141845703125
329	3.14141845703125
330	3.14141845703125
331	3.14141845703125
332	3.14141845703125
333	3.14141845703125
334	3.14141845703125
335	3.14141845703125
336	3.14141845703125
337	3.14141845703125
338	3.14141845703125
339	3.14141845703125
340	3.14141845703125
341	3.14141845703125
342	3.14141845703125
343	3.14141845703125
344	3.14141845703125
345	3.14141845703125
346	3.14141845703125
347	3.14141845703125
348	3.14141845703125
349	3.14141845703125
350	3.14141845703125
351	3.14141845703125
352	3.14141845703125
353	3.14141845703125
354	3.14141845703125
355	3.14141845703125
356	3.14141845703125
357	3.14141845703125
358	3.14141845703125
359	3.14141845703125
360	3.14141845703125
361	3.14141845703125
362	3.14141845703125
363	3.14141845703125
364	3.14141845703125
365	3.14141845703125
366	3.14141845703125
367	3.14141845703125
368	3.14141845703125
369	3.14141845703125
370	3.14141845703125
371	3.14141845703125
372	3.14141845703125
373	3.14141845703125
374	3.14141845703125
375	3.14141845703125
376	3.14141845703125
377	3.14141845703125
378	3.14141845703125
379	3.14141845703125
380	3.14141845703125
381	3.14141845703125
382	3.14141845703125
383	3.14141845703125
384	3.14141845703125
385	3.14141845703125
386	3.14141845703125
387	3.14141845703125
388	3.14141845703125
389	3.14141845703125
390	3.14141845703125
391	3.14141845703125
392	3.14141845703125
393	3.14141845703125
394	3.14141845703125
395	3.14141845703125
396	3.14141845703125
397	3.14141845703125
398	3.14141845703125
399	3.14141845703125
400	3.14141845703125
401	3.14141845703125
402	3.14141845703125
403	3.14141845703125
404	3.14141845703125
405	3.14141845703125
406	3.14141845703125
407	3.14141845703125
408	3.14141845703125
409	3.14141845703125
410	3.14141845703125
411	3.14141845703125
412	3.14141845703125
413	3.14141845703125
414	3.14141845703125
415	3.14141845703125
416	3.14141845703125
417	3.14141845703125
418	3.14141845703125
419	3.14141845703125
420	3.14141845703125
421	3.14141845703125
422	3.14141845703125
423	3.14141845703125
424	3.14141845703125
425	3.14141845703125
426	3.14141845703125
427	3.14141845703125
428	3.14141845703125
429	3.14141845703125
430	3.14141845703125
431	3.14141845703125
432	3.14141845703125
433	3.14141845703125
434	3.14141845703125
435	3.14141845703125
436	3.14141845703125
437	3.14141845703125
438	3.14141845703125
439	3.14141845703125
440	3.14141845703125
441	3.14141845703125
442	3.14141845703125
443	3.14141845703125
444	3.14141845703125
445	3.14141845703125
446	3.14141845703125
447	3.14141845703125
448	3.14141845703125
449	3.14141845703125
450	3.14141845703125
451	3.14141845703125
452	3.14141845703125
453	3.14141845703125
454	3.14141845703125
455	3.14141845703125
456	3.14141845703125
457	3.14141845703125
458	3.14141845703125
459	3.14141845703125
460	3.14141845703125
461	3.14141845703125
462	3.14141845703125
463	3.14141845703125
464	3.14141845703125
465	3.14141845703125
466	3.14141845703125
467	3.14141845703125
468	3.14141845703125
469	3.14141845703125
470	3.14141845703125
471	3.14141845703125
472	3.14141845703125
473	3.14141845703125
474	3.14141845703125
475	3.14141845703125
476	3.14141845703125
477	3.14141845703125
478	3.14141845703125
479	3.14141845703125
480	3.14141845703125
481	3.14141845703125
482	3.14141845703125
483	3.14141845703125
484	3.14141845703125
485	3.14141845703125
486	3.14141845703125
487	3.14141845703125
488	3.14141845703125
489	3.14141845703125
490	3.14141845703125
491	3.14141845703125
492	3.14141845703125
493	3.14141845703125
494	3.14141845703125
495	3.14141845703125
496	3.14141845703125
497	3.14141845703125
498	3.14141845703125
499	3.14141845703125
500	3.14141845703125
501	3.14141845703125
502	3.14141845703125
503	3.14141845703125
504	3.14141845703125
505	3.14141845703125
506	3.14141845703125
507	3.14141845703125
508	3.14141845703125
509	3.14141845703125
510	3.14141845703125
511	3.14141845703125
512	3.14141845703125
513	3.14141845703125
514	3.14141845703125
515	3.14141845703125
516	3.14141845703125
517	3.14141845703125
518	3.14141845703125
519	3.14141845703125
520	3.14141845703125
521	3.14141845703125
522	3.14141845703125
523	3.14141845703125
524	3.14141845703125
525	3.14141845703125
526	3.14141845703125
527	3.14141845703125
528	3.14141845703125
529	3.14141845703125
530	3.14141845703125
531	3.14141845703125
532	3.14141845703125
533	3.14141845703125
534	3.14141845703125
535	3.14141845703125
536	3.14141845703125
537	3.14141845703125
538	3.14141845703125
539	3.14141845703125
540	3.14141845703125
541	3.14141845703125
542	3.14141845703125
543	3.14141845703125
544	3.14141845703125
545	3.14141845703125
546	3.14141845703125
547	3.14141845703125
548	3.14141845703125
549	3.14141845703125
550	3.14141845703125
551	3.14141845703125
552	3.14141845703125
553	3.14141845703125
554	3.14141845703125
555	3.14141845703125
556	3.14141845703125
557	3.14141845703125
558	3.14141845703125
559	3.14141845703125
560	3.14141845703125
561	3.14141845703125
562	3.14141845703125
563	3.14141845703125
564	3.14141845703125
565	3.14141845703125
566	3.14141845703125
567	3.14141845703125
568	3.14141845703125
569	3.14141845703125
570	3.14141845703125
571	3.14141845703125
572	3.14141845703125
573	3.14141845703125
574	3.14141845703125
575	3.14141845703125
576	3.14141845703125
577	3.14141845703125
578	3.14141845703125
579	3.14141845703125
580	3.14141845703125
581	3.14141845703125
582	3.14141845703125
583	3.14141845703125
584	3.14141845703125
585	3.14141845703125
586	3.14141845703125
587	3.14141845703125
588	3.14141845703125
589	3.14141845703125
590	3.14141845703125
591	3.14141845703125
592	3.14141845703125
593	3.14141845703125
594	3.14141845703125
595	3.14141845703125
596	3.14141845703125
597	3.14141845703125
598	3.14141845703125
599	3.14141845703125
600	3.14141845703125
601	3.14141845703125
602	3.14141845703125
603	3.14141845703125
604	3.14141845703125
605	3.14141845703125
606	3.14141845703125
607	3.14141845703125
608	3.14141845703125
609	3.14141845703125
610	3.14141845703125
611	3.14141845703125
612	3.14141845703125
613	3.14141845703125
614	3.14141845703125
615	3.14141845703125
616	3.14141845703125
617	3.14141845703125
618	3.14141845703125
619	3.14141845703125
620	3.14141845703125
621	3.14141845703125
622	3.14141845703125
623	3.14141845703125
624	3.14141845703125
625	3.14141845703125
626	3.14141845703125
627	3.14141845703125
628	3.14141845703125
629	3.14141845703125
630	3.14141845703125
631	3.14141845703125
632	3.14141845703125
633	3.14141845703125
634	3.14141845703125
635	3.14141845703125
636	3.14141845703125
637	3.14141845703125
638	3.14141845703125
639	3.14141845703125
640	3.14141845703125
641	3.14141845703125
642	3.14141845703125
643	3.14141845703125
644	3.14141845703125
645	3.14141845703125
646	3.14141845703125
647	3.14141845703125
648	3.14141845703125
649	3.14141845703125
650	3.14141845703125
651	3.14141845703125
652	3.14141845703125
653	3.14141845703125
654	3.14141845703125
655	3.14141845703125
656	3.14141845703125
657	3.14141845703125
658	3.14141845703125
659	3.14141845703125
660	3.14141845703125
661	3.14141845703125
662	3.14141845703125
663	3.14141845703125
664	3.14141845703125
665	3.14141845703125
666	3.14141845703125
667	3.14141845703125
668	3.14141845703125
669	3.14141845703125
670	3.14141845703125
671	3.14141845703125
672	3.14141845703125
673	3.14141845703125
674	3.14141845703125
675	3.14141845703125
676	3.14141845703125
677	3.14141845703125
678	3.14141845703125
679	3.14141845703125
680	3.14141845703125
681	3.14141845703125
682	3.14141845703125
683	3.14141845703125
684	3.14141845703125
685	3.14141845703125
686	3.14141845703125
687	3.14141845703125
688	3.14141845703125
689	3.14141845703125
690	3.14141845703125
691	3.14141845703125
692	3.14141845703125
693	3.14141845703125
694	3.14141845703125
695	3.14141845703125
696	3.14141845703125
697	3.14141845703125
698	3.14141845703125
699	3.14141845703125
700	3.14141845703125
701	3.14141845703125
702	3.14141845703125
703	3.14141845703125
704	3.14141845703125
705	3.14141845703125
706	3.14141845703125
707	3.14141845703125
708	3.14141845703125
709	3.14141845703125
710	3.14141845703125
711	3.14141845703125
712	3.14141845703125
713	3.14141845703125
714	3.14141845703125
715	3.14141845703125
716	3.14141845703125
717	3.14141845703125
718	3.14141845703125
719	3.14141845703125
720	3.14141845703125
721	3.14141845703125
722	3.14141845703125
723	3.14141845703125
724	3.14141845703125
725	3.14141845703125
726	3.14141845703125
727	3.14141845703125
728	3.14141845703125
729	3.14141845703125
730	3.14141845703125
731	3.14141845703125
732	3.14141845703125
733	3.14141845703125
734	3.14141845703125
735	3.14141845703125
736	3.14141845703125
737	3.14141845703125
738	3.14141845703125
739	3.14141845703125
740	3.14141845703125
741	3.14141845703125
742	3.14141845703125
743	3.14141845703125
744	3.14141845703125
745	3.14141845703125
746	3.14141845703125
747	3.14141845703125
748	3.14141845703125
749	3.14141845703125
750	3.14141845703125
751	3.14141845703125
752	3.14141845703125
753	3.14141845703125
754	3.14141845703125
755	3.14141845703125
756	3.14141845703125
757	3.14141845703125
758	3.14141845703125
759	3.14141845703125
760	3.14141845703125
761	3.14141845703125
762	3.14141845703125
763	3.14141845703125
764	3.14141845703125
765	3.14141845703125
766	3.14141845703125
767	3.14141845703125
768	3.14141845703125
769	3.14141845703125
770	3.14141845703125
771	3.14141845703125
772	3.14141845703125
773	3.14141845703125
774	3.14141845703125
775	3.14141845703125
776	3.14141845703125
777	3.14141845703125
778	3.14141845703125
779	3.14141845703125
780	3.14141845703125
781	3.14141845703125
782	3.14141845703125
783	3.14141845703125
784	3.14141845703125
785	3.14141845703125
786	3.14141845703125
787	3.14141845703125
788	3.14141845703125
789	3.14141845703125
790	3.14141845703125
791	3.14141845703125
792	3.14141845703125
793	3.14141845703125
794	3.14141845703125
795	3.14141845703125
796	3.14141845703125
797	3.14141845703125
798	3.14141845703125
799	3.14141845703125
800	3.14141845703125
801	3.14141845703125
802	3.14141845703125
803	3.14141845703125
804	3.14141845703125
805	3.14141845703125
806	3.14141845703125
807	3.14141845703125
808	3.14141845703125
809	3.14141845703125
810	3.14141845703125
811	3.14141845703125
812	3.14141845703125
813	3.14141845703125
814	3.14141845703125
815	3.14141845703125
816	3.14141845703125
817	3.14141845703125
818	3.14141845703125
819	3.14141845703125
820	3.14141845703125
821	3.14141845703125
822	3.14141845703125
823	3.14141845703125
824	3.14141845703125
825	3.14141845703125
826	3.14141845703125
827	3.14141845703125
828	3.14141845703125
829	3.14141845703125
830	3.14141845703125
831	3.14141845703125
832	3.14141845703125
833	3.14141845703125
834	3.14141845703125
835	3.14141845703125
836	3.14141845703125
837	3.14141845703125
838	3.14141845703125
839	3.14141845703125
840	3.14141845703125
841	3.14141845703125
842	3.14141845703125
843	3.14141845703125
844	3.14141845703125
845	3.14141845703125
846	3.14141845703125
847	3.14141845703125
848	3.14141845703125
849	3.14141845703125
850	3.14141845703125
851	3.14141845703125
852	3.14141845703125
853	3.14141845703125
854	3.14141845703125
855	3.14141845703125
856	3.14141845703125
857	3.14141845703125
858	3.14141845703125
859	3.14141845703125
860	3.14141845703125
861	3.14141845703125
862	3.14141845703125
863	3.14141845703125
864	3.14141845703125
865	3.14141845703125
866	3.14141845703125
867	3.14141845703125
868	3.14141845703125
869	3.14141845703125
870	3.14141845703125
871	3.14141845703125
872	3.14141845703125
873	3.14141845703125
874	3.14141845703125
875	3.14141845703125
876	3.14141845703125
877	3.14141845703125
878	3.14141845703125
879	3.14141845703125
880	3.14141845703125
881	3.14141845703125
882	3.14141845703125
883	3.14141845703125
884	3.14141845703125
885	3.14141845703125
886	3.14141845703125
887	3.14141845703125
888	3.14141845703125
889	3.14141845703125
890	3.14141845703125
891	3.14141845703125
892	3.14141845703125
893	3.14141845703125
894	3.14141845703125
895	3.14141845703125
896	3.14141845703125
897	3.14141845703125
898	3.14141845703125
899	3.14141845703125
900	3.14141845703125
901	3.14141845703125
902	3.14141845703125
903	3.14141845703125
904	3.14141845703125
905	3.14141845703125
906	3.14141845703125
907	3.14141845703125
908	3.14141845703125
909	3.14141845703125
910	3.14141845703125
911	3.14141845703125
912	3.14141845703125
913	3.14141845703125
914	3.14141845703125
915	3.14141845703125
916	3.14141845703125
917	3.14141845703125
918	3.14141845703125
919	3.14141845703125
920	3.14141845703125
921	3.14141845703125
922	3.14141845703125
923	3.14141845703125
924	3.14141845703125
925	3.14141845703125
926	3.14141845703125
927	3.14141845703125
928	3.14141845703125
929	3.14141845703125
930	3.14141845703125
931	3.14141845703125
932	3.14141845703125
933	3.14141845703125
934	3.14141845703125
935	3.14141845703125
936	3.14141845703125
937	3.14141845703125
938	3.14141845703125
939	3.14141845703125
940	3.14141845703125
941	3.14141845703125
942	3.14141845703125
943	3.14141845703125
944	3.14141845703125
945	3.14141845703125
946	3.14141845703125
947	3.14141845703125
948	3.14141845703125
949	3.14141845703125
950	3.14141845703125
951	3.14141845703125
952	3.14141845703125
953	3.14141845703125
954	3.14141845703125
955	3.14141845703125
956	3.14141845703125
957	3.14141845703125
958	3.14141845703125
959	3.14141845703125
960	3.14141845703125
961	3.14141845703125
962	3.14141845703125
963	3.14141845703125
964	3.14141845703125
965	3.14141845703125
966	3.14141845703125
967	3.14141845703125
968	3.14141845703125
969	3.14141845703125
970	3.14141845703125
971	3.14141845703125
972	3.14141845703125
973	3.14141845703125
974	3.14141845703125
975	3.14141845703125
976	3.14141845703125
977	3.14141845703125
978	3.14141845703125
979	3.14141845703125
980	3.14141845703125
981	3.14141845703125
982	3.14141845703125
983	3.14141845703125
984	3.14141845703125
985	3.14141845703125
986	3.14141845703125
987	3.14141845703125
988	3.14141845703125
989	3.14141845703125
990	3.14141845703125
991	3.14141845703125
992	3.14141845703125
993	3.14141845703125
994	3.14141845703125
995	3.14141845703125
996	3.14141845703125
997	3.14141845703125
998	3.14141845703125
999	3.14141845703125
1000	3.14141845703125
