1	3.1832635402679443359375
2	3.14059698581695556640625
3	3.141620934009552001953125
4	3.14159166812896728515625
5	3.141592562198638916015625
6	3.141592502593994140625
7	3.141592502593994140625
8	3.141592502593994140625
9	3.141592502593994140625
10	3.141592502593994140625
11	3.141592502593994140625
12	3.141592502593994140625
13	3.141592502593994140625
14	3.141592502593994140625
15	3.141592502593994140625
16	3.141592502593994140625
17	3.141592502593994140625
18	3.141592502593994140625
19	3.141592502593994140625
20	3.141592502593994140625
21	3.141592502593994140625
22	3.141592502593994140625
23	3.141592502593994140625
24	3.141592502593994140625
25	3.141592502593994140625
26	3.141592502593994140625
27	3.141592502593994140625
28	3.141592502593994140625
29	3.141592502593994140625
30	3.141592502593994140625
31	3.141592502593994140625
32	3.141592502593994140625
33	3.141592502593994140625
34	3.141592502593994140625
35	3.141592502593994140625
36	3.141592502593994140625
37	3.141592502593994140625
38	3.141592502593994140625
39	3.141592502593994140625
40	3.141592502593994140625
41	3.141592502593994140625
42	3.141592502593994140625
43	3.141592502593994140625
44	3.141592502593994140625
45	3.141592502593994140625
46	3.141592502593994140625
47	3.141592502593994140625
48	3.141592502593994140625
49	3.141592502593994140625
50	3.141592502593994140625
51	3.141592502593994140625
52	3.141592502593994140625
53	3.141592502593994140625
54	3.141592502593994140625
55	3.141592502593994140625
56	3.141592502593994140625
57	3.141592502593994140625
58	3.141592502593994140625
59	3.141592502593994140625
60	3.141592502593994140625
61	3.141592502593994140625
62	3.141592502593994140625
63	3.141592502593994140625
64	3.141592502593994140625
65	3.141592502593994140625
66	3.141592502593994140625
67	3.141592502593994140625
68	3.141592502593994140625
69	3.141592502593994140625
70	3.141592502593994140625
71	3.141592502593994140625
72	3.141592502593994140625
73	3.141592502593994140625
74	3.141592502593994140625
75	3.141592502593994140625
76	3.141592502593994140625
77	3.141592502593994140625
78	3.141592502593994140625
79	3.141592502593994140625
80	3.141592502593994140625
81	3.141592502593994140625
82	3.141592502593994140625
83	3.141592502593994140625
84	3.141592502593994140625
85	3.141592502593994140625
86	3.141592502593994140625
87	3.141592502593994140625
88	3.141592502593994140625
89	3.141592502593994140625
90	3.141592502593994140625
91	3.141592502593994140625
92	3.141592502593994140625
93	3.141592502593994140625
94	3.141592502593994140625
95	3.141592502593994140625
96	3.141592502593994140625
97	3.141592502593994140625
98	3.141592502593994140625
99	3.141592502593994140625
100	3.141592502593994140625
101	3.141592502593994140625
102	3.141592502593994140625
103	3.141592502593994140625
104	3.141592502593994140625
105	3.141592502593994140625
106	3.141592502593994140625
107	3.141592502593994140625
108	3.141592502593994140625
109	3.141592502593994140625
110	3.141592502593994140625
111	3.141592502593994140625
112	3.141592502593994140625
113	3.141592502593994140625
114	3.141592502593994140625
115	3.141592502593994140625
116	3.141592502593994140625
117	3.141592502593994140625
118	3.141592502593994140625
119	3.141592502593994140625
120	3.141592502593994140625
121	3.141592502593994140625
122	3.141592502593994140625
123	3.141592502593994140625
124	3.141592502593994140625
125	3.141592502593994140625
126	3.141592502593994140625
127	3.141592502593994140625
128	3.141592502593994140625
129	3.141592502593994140625
130	3.141592502593994140625
131	3.141592502593994140625
132	3.141592502593994140625
133	3.141592502593994140625
134	3.141592502593994140625
135	3.141592502593994140625
136	3.141592502593994140625
137	3.141592502593994140625
138	3.141592502593994140625
139	3.141592502593994140625
140	3.141592502593994140625
141	3.141592502593994140625
142	3.141592502593994140625
143	3.141592502593994140625
144	3.141592502593994140625
145	3.141592502593994140625
146	3.141592502593994140625
147	3.141592502593994140625
148	3.141592502593994140625
149	3.141592502593994140625
150	3.141592502593994140625
151	3.141592502593994140625
152	3.141592502593994140625
153	3.141592502593994140625
154	3.141592502593994140625
155	3.141592502593994140625
156	3.141592502593994140625
157	3.141592502593994140625
158	3.141592502593994140625
159	3.141592502593994140625
160	3.141592502593994140625
161	3.141592502593994140625
162	3.141592502593994140625
163	3.141592502593994140625
164	3.141592502593994140625
165	3.141592502593994140625
166	3.141592502593994140625
167	3.141592502593994140625
168	3.141592502593994140625
169	3.141592502593994140625
170	3.141592502593994140625
171	3.141592502593994140625
172	3.141592502593994140625
173	3.141592502593994140625
174	3.141592502593994140625
175	3.141592502593994140625
176	3.141592502593994140625
177	3.141592502593994140625
178	3.141592502593994140625
179	3.141592502593994140625
180	3.141592502593994140625
181	3.141592502593994140625
182	3.141592502593994140625
183	3.141592502593994140625
184	3.141592502593994140625
185	3.141592502593994140625
186	3.141592502593994140625
187	3.141592502593994140625
188	3.141592502593994140625
189	3.141592502593994140625
190	3.141592502593994140625
191	3.141592502593994140625
192	3.141592502593994140625
193	3.141592502593994140625
194	3.141592502593994140625
195	3.141592502593994140625
196	3.141592502593994140625
197	3.141592502593994140625
198	3.141592502593994140625
199	3.141592502593994140625
200	3.141592502593994140625
201	3.141592502593994140625
202	3.141592502593994140625
203	3.141592502593994140625
204	3.141592502593994140625
205	3.141592502593994140625
206	3.141592502593994140625
207	3.141592502593994140625
208	3.141592502593994140625
209	3.141592502593994140625
210	3.141592502593994140625
211	3.141592502593994140625
212	3.141592502593994140625
213	3.141592502593994140625
214	3.141592502593994140625
215	3.141592502593994140625
216	3.141592502593994140625
217	3.141592502593994140625
218	3.141592502593994140625
219	3.141592502593994140625
220	3.141592502593994140625
221	3.141592502593994140625
222	3.141592502593994140625
223	3.141592502593994140625
224	3.141592502593994140625
225	3.141592502593994140625
226	3.141592502593994140625
227	3.141592502593994140625
228	3.141592502593994140625
229	3.141592502593994140625
230	3.141592502593994140625
231	3.141592502593994140625
232	3.141592502593994140625
233	3.141592502593994140625
234	3.141592502593994140625
235	3.141592502593994140625
236	3.141592502593994140625
237	3.141592502593994140625
238	3.141592502593994140625
239	3.141592502593994140625
240	3.141592502593994140625
241	3.141592502593994140625
242	3.141592502593994140625
243	3.141592502593994140625
244	3.141592502593994140625
245	3.141592502593994140625
246	3.141592502593994140625
247	3.141592502593994140625
248	3.141592502593994140625
249	3.141592502593994140625
250	3.141592502593994140625
251	3.141592502593994140625
252	3.141592502593994140625
253	3.141592502593994140625
254	3.141592502593994140625
255	3.141592502593994140625
256	3.141592502593994140625
257	3.141592502593994140625
258	3.141592502593994140625
259	3.141592502593994140625
260	3.141592502593994140625
261	3.141592502593994140625
262	3.141592502593994140625
263	3.141592502593994140625
264	3.141592502593994140625
265	3.141592502593994140625
266	3.141592502593994140625
267	3.141592502593994140625
268	3.141592502593994140625
269	3.141592502593994140625
270	3.141592502593994140625
271	3.141592502593994140625
272	3.141592502593994140625
273	3.141592502593994140625
274	3.141592502593994140625
275	3.141592502593994140625
276	3.141592502593994140625
277	3.141592502593994140625
278	3.141592502593994140625
279	3.141592502593994140625
280	3.141592502593994140625
281	3.141592502593994140625
282	3.141592502593994140625
283	3.141592502593994140625
284	3.141592502593994140625
285	3.141592502593994140625
286	3.141592502593994140625
287	3.141592502593994140625
288	3.141592502593994140625
289	3.141592502593994140625
290	3.141592502593994140625
291	3.141592502593994140625
292	3.141592502593994140625
293	3.141592502593994140625
294	3.141592502593994140625
295	3.141592502593994140625
296	3.141592502593994140625
297	3.141592502593994140625
298	3.141592502593994140625
299	3.141592502593994140625
300	3.141592502593994140625
301	3.141592502593994140625
302	3.141592502593994140625
303	3.141592502593994140625
304	3.141592502593994140625
305	3.141592502593994140625
306	3.141592502593994140625
307	3.141592502593994140625
308	3.141592502593994140625
309	3.141592502593994140625
310	3.141592502593994140625
311	3.141592502593994140625
312	3.141592502593994140625
313	3.141592502593994140625
314	3.141592502593994140625
315	3.141592502593994140625
316	3.141592502593994140625
317	3.141592502593994140625
318	3.141592502593994140625
319	3.141592502593994140625
320	3.141592502593994140625
321	3.141592502593994140625
322	3.141592502593994140625
323	3.141592502593994140625
324	3.141592502593994140625
325	3.141592502593994140625
326	3.141592502593994140625
327	3.141592502593994140625
328	3.141592502593994140625
329	3.141592502593994140625
330	3.141592502593994140625
331	3.141592502593994140625
332	3.141592502593994140625
333	3.141592502593994140625
334	3.141592502593994140625
335	3.141592502593994140625
336	3.141592502593994140625
337	3.141592502593994140625
338	3.141592502593994140625
339	3.141592502593994140625
340	3.141592502593994140625
341	3.141592502593994140625
342	3.141592502593994140625
343	3.141592502593994140625
344	3.141592502593994140625
345	3.141592502593994140625
346	3.141592502593994140625
347	3.141592502593994140625
348	3.141592502593994140625
349	3.141592502593994140625
350	3.141592502593994140625
351	3.141592502593994140625
352	3.141592502593994140625
353	3.141592502593994140625
354	3.141592502593994140625
355	3.141592502593994140625
356	3.141592502593994140625
357	3.141592502593994140625
358	3.141592502593994140625
359	3.141592502593994140625
360	3.141592502593994140625
361	3.141592502593994140625
362	3.141592502593994140625
363	3.141592502593994140625
364	3.141592502593994140625
365	3.141592502593994140625
366	3.141592502593994140625
367	3.141592502593994140625
368	3.141592502593994140625
369	3.141592502593994140625
370	3.141592502593994140625
371	3.141592502593994140625
372	3.141592502593994140625
373	3.141592502593994140625
374	3.141592502593994140625
375	3.141592502593994140625
376	3.141592502593994140625
377	3.141592502593994140625
378	3.141592502593994140625
379	3.141592502593994140625
380	3.141592502593994140625
381	3.141592502593994140625
382	3.141592502593994140625
383	3.141592502593994140625
384	3.141592502593994140625
385	3.141592502593994140625
386	3.141592502593994140625
387	3.141592502593994140625
388	3.141592502593994140625
389	3.141592502593994140625
390	3.141592502593994140625
391	3.141592502593994140625
392	3.141592502593994140625
393	3.141592502593994140625
394	3.141592502593994140625
395	3.141592502593994140625
396	3.141592502593994140625
397	3.141592502593994140625
398	3.141592502593994140625
399	3.141592502593994140625
400	3.141592502593994140625
401	3.141592502593994140625
402	3.141592502593994140625
403	3.141592502593994140625
404	3.141592502593994140625
405	3.141592502593994140625
406	3.141592502593994140625
407	3.141592502593994140625
408	3.141592502593994140625
409	3.141592502593994140625
410	3.141592502593994140625
411	3.141592502593994140625
412	3.141592502593994140625
413	3.141592502593994140625
414	3.141592502593994140625
415	3.141592502593994140625
416	3.141592502593994140625
417	3.141592502593994140625
418	3.141592502593994140625
419	3.141592502593994140625
420	3.141592502593994140625
421	3.141592502593994140625
422	3.141592502593994140625
423	3.141592502593994140625
424	3.141592502593994140625
425	3.141592502593994140625
426	3.141592502593994140625
427	3.141592502593994140625
428	3.141592502593994140625
429	3.141592502593994140625
430	3.141592502593994140625
431	3.141592502593994140625
432	3.141592502593994140625
433	3.141592502593994140625
434	3.141592502593994140625
435	3.141592502593994140625
436	3.141592502593994140625
437	3.141592502593994140625
438	3.141592502593994140625
439	3.141592502593994140625
440	3.141592502593994140625
441	3.141592502593994140625
442	3.141592502593994140625
443	3.141592502593994140625
444	3.141592502593994140625
445	3.141592502593994140625
446	3.141592502593994140625
447	3.141592502593994140625
448	3.141592502593994140625
449	3.141592502593994140625
450	3.141592502593994140625
451	3.141592502593994140625
452	3.141592502593994140625
453	3.141592502593994140625
454	3.141592502593994140625
455	3.141592502593994140625
456	3.141592502593994140625
457	3.141592502593994140625
458	3.141592502593994140625
459	3.141592502593994140625
460	3.141592502593994140625
461	3.141592502593994140625
462	3.141592502593994140625
463	3.141592502593994140625
464	3.141592502593994140625
465	3.141592502593994140625
466	3.141592502593994140625
467	3.141592502593994140625
468	3.141592502593994140625
469	3.141592502593994140625
470	3.141592502593994140625
471	3.141592502593994140625
472	3.141592502593994140625
473	3.141592502593994140625
474	3.141592502593994140625
475	3.141592502593994140625
476	3.141592502593994140625
477	3.141592502593994140625
478	3.141592502593994140625
479	3.141592502593994140625
480	3.141592502593994140625
481	3.141592502593994140625
482	3.141592502593994140625
483	3.141592502593994140625
484	3.141592502593994140625
485	3.141592502593994140625
486	3.141592502593994140625
487	3.141592502593994140625
488	3.141592502593994140625
489	3.141592502593994140625
490	3.141592502593994140625
491	3.141592502593994140625
492	3.141592502593994140625
493	3.141592502593994140625
494	3.141592502593994140625
495	3.141592502593994140625
496	3.141592502593994140625
497	3.141592502593994140625
498	3.141592502593994140625
499	3.141592502593994140625
500	3.141592502593994140625
501	3.141592502593994140625
502	3.141592502593994140625
503	3.141592502593994140625
504	3.141592502593994140625
505	3.141592502593994140625
506	3.141592502593994140625
507	3.141592502593994140625
508	3.141592502593994140625
509	3.141592502593994140625
510	3.141592502593994140625
511	3.141592502593994140625
512	3.141592502593994140625
513	3.141592502593994140625
514	3.141592502593994140625
515	3.141592502593994140625
516	3.141592502593994140625
517	3.141592502593994140625
518	3.141592502593994140625
519	3.141592502593994140625
520	3.141592502593994140625
521	3.141592502593994140625
522	3.141592502593994140625
523	3.141592502593994140625
524	3.141592502593994140625
525	3.141592502593994140625
526	3.141592502593994140625
527	3.141592502593994140625
528	3.141592502593994140625
529	3.141592502593994140625
530	3.141592502593994140625
531	3.141592502593994140625
532	3.141592502593994140625
533	3.141592502593994140625
534	3.141592502593994140625
535	3.141592502593994140625
536	3.141592502593994140625
537	3.141592502593994140625
538	3.141592502593994140625
539	3.141592502593994140625
540	3.141592502593994140625
541	3.141592502593994140625
542	3.141592502593994140625
543	3.141592502593994140625
544	3.141592502593994140625
545	3.141592502593994140625
546	3.141592502593994140625
547	3.141592502593994140625
548	3.141592502593994140625
549	3.141592502593994140625
550	3.141592502593994140625
551	3.141592502593994140625
552	3.141592502593994140625
553	3.141592502593994140625
554	3.141592502593994140625
555	3.141592502593994140625
556	3.141592502593994140625
557	3.141592502593994140625
558	3.141592502593994140625
559	3.141592502593994140625
560	3.141592502593994140625
561	3.141592502593994140625
562	3.141592502593994140625
563	3.141592502593994140625
564	3.141592502593994140625
565	3.141592502593994140625
566	3.141592502593994140625
567	3.141592502593994140625
568	3.141592502593994140625
569	3.141592502593994140625
570	3.141592502593994140625
571	3.141592502593994140625
572	3.141592502593994140625
573	3.141592502593994140625
574	3.141592502593994140625
575	3.141592502593994140625
576	3.141592502593994140625
577	3.141592502593994140625
578	3.141592502593994140625
579	3.141592502593994140625
580	3.141592502593994140625
581	3.141592502593994140625
582	3.141592502593994140625
583	3.141592502593994140625
584	3.141592502593994140625
585	3.141592502593994140625
586	3.141592502593994140625
587	3.141592502593994140625
588	3.141592502593994140625
589	3.141592502593994140625
590	3.141592502593994140625
591	3.141592502593994140625
592	3.141592502593994140625
593	3.141592502593994140625
594	3.141592502593994140625
595	3.141592502593994140625
596	3.141592502593994140625
597	3.141592502593994140625
598	3.141592502593994140625
599	3.141592502593994140625
600	3.141592502593994140625
601	3.141592502593994140625
602	3.141592502593994140625
603	3.141592502593994140625
604	3.141592502593994140625
605	3.141592502593994140625
606	3.141592502593994140625
607	3.141592502593994140625
608	3.141592502593994140625
609	3.141592502593994140625
610	3.141592502593994140625
611	3.141592502593994140625
612	3.141592502593994140625
613	3.141592502593994140625
614	3.141592502593994140625
615	3.141592502593994140625
616	3.141592502593994140625
617	3.141592502593994140625
618	3.141592502593994140625
619	3.141592502593994140625
620	3.141592502593994140625
621	3.141592502593994140625
622	3.141592502593994140625
623	3.141592502593994140625
624	3.141592502593994140625
625	3.141592502593994140625
626	3.141592502593994140625
627	3.141592502593994140625
628	3.141592502593994140625
629	3.141592502593994140625
630	3.141592502593994140625
631	3.141592502593994140625
632	3.141592502593994140625
633	3.141592502593994140625
634	3.141592502593994140625
635	3.141592502593994140625
636	3.141592502593994140625
637	3.141592502593994140625
638	3.141592502593994140625
639	3.141592502593994140625
640	3.141592502593994140625
641	3.141592502593994140625
642	3.141592502593994140625
643	3.141592502593994140625
644	3.141592502593994140625
645	3.141592502593994140625
646	3.141592502593994140625
647	3.141592502593994140625
648	3.141592502593994140625
649	3.141592502593994140625
650	3.141592502593994140625
651	3.141592502593994140625
652	3.141592502593994140625
653	3.141592502593994140625
654	3.141592502593994140625
655	3.141592502593994140625
656	3.141592502593994140625
657	3.141592502593994140625
658	3.141592502593994140625
659	3.141592502593994140625
660	3.141592502593994140625
661	3.141592502593994140625
662	3.141592502593994140625
663	3.141592502593994140625
664	3.141592502593994140625
665	3.141592502593994140625
666	3.141592502593994140625
667	3.141592502593994140625
668	3.141592502593994140625
669	3.141592502593994140625
670	3.141592502593994140625
671	3.141592502593994140625
672	3.141592502593994140625
673	3.141592502593994140625
674	3.141592502593994140625
675	3.141592502593994140625
676	3.141592502593994140625
677	3.141592502593994140625
678	3.141592502593994140625
679	3.141592502593994140625
680	3.141592502593994140625
681	3.141592502593994140625
682	3.141592502593994140625
683	3.141592502593994140625
684	3.141592502593994140625
685	3.141592502593994140625
686	3.141592502593994140625
687	3.141592502593994140625
688	3.141592502593994140625
689	3.141592502593994140625
690	3.141592502593994140625
691	3.141592502593994140625
692	3.141592502593994140625
693	3.141592502593994140625
694	3.141592502593994140625
695	3.141592502593994140625
696	3.141592502593994140625
697	3.141592502593994140625
698	3.141592502593994140625
699	3.141592502593994140625
700	3.141592502593994140625
701	3.141592502593994140625
702	3.141592502593994140625
703	3.141592502593994140625
704	3.141592502593994140625
705	3.141592502593994140625
706	3.141592502593994140625
707	3.141592502593994140625
708	3.141592502593994140625
709	3.141592502593994140625
710	3.141592502593994140625
711	3.141592502593994140625
712	3.141592502593994140625
713	3.141592502593994140625
714	3.141592502593994140625
715	3.141592502593994140625
716	3.141592502593994140625
717	3.141592502593994140625
718	3.141592502593994140625
719	3.141592502593994140625
720	3.141592502593994140625
721	3.141592502593994140625
722	3.141592502593994140625
723	3.141592502593994140625
724	3.141592502593994140625
725	3.141592502593994140625
726	3.141592502593994140625
727	3.141592502593994140625
728	3.141592502593994140625
729	3.141592502593994140625
730	3.141592502593994140625
731	3.141592502593994140625
732	3.141592502593994140625
733	3.141592502593994140625
734	3.141592502593994140625
735	3.141592502593994140625
736	3.141592502593994140625
737	3.141592502593994140625
738	3.141592502593994140625
739	3.141592502593994140625
740	3.141592502593994140625
741	3.141592502593994140625
742	3.141592502593994140625
743	3.141592502593994140625
744	3.141592502593994140625
745	3.141592502593994140625
746	3.141592502593994140625
747	3.141592502593994140625
748	3.141592502593994140625
749	3.141592502593994140625
750	3.141592502593994140625
751	3.141592502593994140625
752	3.141592502593994140625
753	3.141592502593994140625
754	3.141592502593994140625
755	3.141592502593994140625
756	3.141592502593994140625
757	3.141592502593994140625
758	3.141592502593994140625
759	3.141592502593994140625
760	3.141592502593994140625
761	3.141592502593994140625
762	3.141592502593994140625
763	3.141592502593994140625
764	3.141592502593994140625
765	3.141592502593994140625
766	3.141592502593994140625
767	3.141592502593994140625
768	3.141592502593994140625
769	3.141592502593994140625
770	3.141592502593994140625
771	3.141592502593994140625
772	3.141592502593994140625
773	3.141592502593994140625
774	3.141592502593994140625
775	3.141592502593994140625
776	3.141592502593994140625
777	3.141592502593994140625
778	3.141592502593994140625
779	3.141592502593994140625
780	3.141592502593994140625
781	3.141592502593994140625
782	3.141592502593994140625
783	3.141592502593994140625
784	3.141592502593994140625
785	3.141592502593994140625
786	3.141592502593994140625
787	3.141592502593994140625
788	3.141592502593994140625
789	3.141592502593994140625
790	3.141592502593994140625
791	3.141592502593994140625
792	3.141592502593994140625
793	3.141592502593994140625
794	3.141592502593994140625
795	3.141592502593994140625
796	3.141592502593994140625
797	3.141592502593994140625
798	3.141592502593994140625
799	3.141592502593994140625
800	3.141592502593994140625
801	3.141592502593994140625
802	3.141592502593994140625
803	3.141592502593994140625
804	3.141592502593994140625
805	3.141592502593994140625
806	3.141592502593994140625
807	3.141592502593994140625
808	3.141592502593994140625
809	3.141592502593994140625
810	3.141592502593994140625
811	3.141592502593994140625
812	3.141592502593994140625
813	3.141592502593994140625
814	3.141592502593994140625
815	3.141592502593994140625
816	3.141592502593994140625
817	3.141592502593994140625
818	3.141592502593994140625
819	3.141592502593994140625
820	3.141592502593994140625
821	3.141592502593994140625
822	3.141592502593994140625
823	3.141592502593994140625
824	3.141592502593994140625
825	3.141592502593994140625
826	3.141592502593994140625
827	3.141592502593994140625
828	3.141592502593994140625
829	3.141592502593994140625
830	3.141592502593994140625
831	3.141592502593994140625
832	3.141592502593994140625
833	3.141592502593994140625
834	3.141592502593994140625
835	3.141592502593994140625
836	3.141592502593994140625
837	3.141592502593994140625
838	3.141592502593994140625
839	3.141592502593994140625
840	3.141592502593994140625
841	3.141592502593994140625
842	3.141592502593994140625
843	3.141592502593994140625
844	3.141592502593994140625
845	3.141592502593994140625
846	3.141592502593994140625
847	3.141592502593994140625
848	3.141592502593994140625
849	3.141592502593994140625
850	3.141592502593994140625
851	3.141592502593994140625
852	3.141592502593994140625
853	3.141592502593994140625
854	3.141592502593994140625
855	3.141592502593994140625
856	3.141592502593994140625
857	3.141592502593994140625
858	3.141592502593994140625
859	3.141592502593994140625
860	3.141592502593994140625
861	3.141592502593994140625
862	3.141592502593994140625
863	3.141592502593994140625
864	3.141592502593994140625
865	3.141592502593994140625
866	3.141592502593994140625
867	3.141592502593994140625
868	3.141592502593994140625
869	3.141592502593994140625
870	3.141592502593994140625
871	3.141592502593994140625
872	3.141592502593994140625
873	3.141592502593994140625
874	3.141592502593994140625
875	3.141592502593994140625
876	3.141592502593994140625
877	3.141592502593994140625
878	3.141592502593994140625
879	3.141592502593994140625
880	3.141592502593994140625
881	3.141592502593994140625
882	3.141592502593994140625
883	3.141592502593994140625
884	3.141592502593994140625
885	3.141592502593994140625
886	3.141592502593994140625
887	3.141592502593994140625
888	3.141592502593994140625
889	3.141592502593994140625
890	3.141592502593994140625
891	3.141592502593994140625
892	3.141592502593994140625
893	3.141592502593994140625
894	3.141592502593994140625
895	3.141592502593994140625
896	3.141592502593994140625
897	3.141592502593994140625
898	3.141592502593994140625
899	3.141592502593994140625
900	3.141592502593994140625
901	3.141592502593994140625
902	3.141592502593994140625
903	3.141592502593994140625
904	3.141592502593994140625
905	3.141592502593994140625
906	3.141592502593994140625
907	3.141592502593994140625
908	3.141592502593994140625
909	3.141592502593994140625
910	3.141592502593994140625
911	3.141592502593994140625
912	3.141592502593994140625
913	3.141592502593994140625
914	3.141592502593994140625
915	3.141592502593994140625
916	3.141592502593994140625
917	3.141592502593994140625
918	3.141592502593994140625
919	3.141592502593994140625
920	3.141592502593994140625
921	3.141592502593994140625
922	3.141592502593994140625
923	3.141592502593994140625
924	3.141592502593994140625
925	3.141592502593994140625
926	3.141592502593994140625
927	3.141592502593994140625
928	3.141592502593994140625
929	3.141592502593994140625
930	3.141592502593994140625
931	3.141592502593994140625
932	3.141592502593994140625
933	3.141592502593994140625
934	3.141592502593994140625
935	3.141592502593994140625
936	3.141592502593994140625
937	3.141592502593994140625
938	3.141592502593994140625
939	3.141592502593994140625
940	3.141592502593994140625
941	3.141592502593994140625
942	3.141592502593994140625
943	3.141592502593994140625
944	3.141592502593994140625
945	3.141592502593994140625
946	3.141592502593994140625
947	3.141592502593994140625
948	3.141592502593994140625
949	3.141592502593994140625
950	3.141592502593994140625
951	3.141592502593994140625
952	3.141592502593994140625
953	3.141592502593994140625
954	3.141592502593994140625
955	3.141592502593994140625
956	3.141592502593994140625
957	3.141592502593994140625
958	3.141592502593994140625
959	3.141592502593994140625
960	3.141592502593994140625
961	3.141592502593994140625
962	3.141592502593994140625
963	3.141592502593994140625
964	3.141592502593994140625
965	3.141592502593994140625
966	3.141592502593994140625
967	3.141592502593994140625
968	3.141592502593994140625
969	3.141592502593994140625
970	3.141592502593994140625
971	3.141592502593994140625
972	3.141592502593994140625
973	3.141592502593994140625
974	3.141592502593994140625
975	3.141592502593994140625
976	3.141592502593994140625
977	3.141592502593994140625
978	3.141592502593994140625
979	3.141592502593994140625
980	3.141592502593994140625
981	3.141592502593994140625
982	3.141592502593994140625
983	3.141592502593994140625
984	3.141592502593994140625
985	3.141592502593994140625
986	3.141592502593994140625
987	3.141592502593994140625
988	3.141592502593994140625
989	3.141592502593994140625
990	3.141592502593994140625
991	3.141592502593994140625
992	3.141592502593994140625
993	3.141592502593994140625
994	3.141592502593994140625
995	3.141592502593994140625
996	3.141592502593994140625
997	3.141592502593994140625
998	3.141592502593994140625
999	3.141592502593994140625
1000	3.141592502593994140625
