1	3.125
2	3.0625
3	3.0625
4	3.0625
5	3.0625
6	3.0625
7	3.0625
8	3.0625
9	3.0625
10	3.0625
11	3.0625
12	3.0625
13	3.0625
14	3.0625
15	3.0625
16	3.0625
17	3.0625
18	3.0625
19	3.0625
20	3.0625
21	3.0625
22	3.0625
23	3.0625
24	3.0625
25	3.0625
26	3.0625
27	3.0625
28	3.0625
29	3.0625
30	3.0625
31	3.0625
32	3.0625
33	3.0625
34	3.0625
35	3.0625
36	3.0625
37	3.0625
38	3.0625
39	3.0625
40	3.0625
41	3.0625
42	3.0625
43	3.0625
44	3.0625
45	3.0625
46	3.0625
47	3.0625
48	3.0625
49	3.0625
50	3.0625
51	3.0625
52	3.0625
53	3.0625
54	3.0625
55	3.0625
56	3.0625
57	3.0625
58	3.0625
59	3.0625
60	3.0625
61	3.0625
62	3.0625
63	3.0625
64	3.0625
65	3.0625
66	3.0625
67	3.0625
68	3.0625
69	3.0625
70	3.0625
71	3.0625
72	3.0625
73	3.0625
74	3.0625
75	3.0625
76	3.0625
77	3.0625
78	3.0625
79	3.0625
80	3.0625
81	3.0625
82	3.0625
83	3.0625
84	3.0625
85	3.0625
86	3.0625
87	3.0625
88	3.0625
89	3.0625
90	3.0625
91	3.0625
92	3.0625
93	3.0625
94	3.0625
95	3.0625
96	3.0625
97	3.0625
98	3.0625
99	3.0625
100	3.0625
101	3.0625
102	3.0625
103	3.0625
104	3.0625
105	3.0625
106	3.0625
107	3.0625
108	3.0625
109	3.0625
110	3.0625
111	3.0625
112	3.0625
113	3.0625
114	3.0625
115	3.0625
116	3.0625
117	3.0625
118	3.0625
119	3.0625
120	3.0625
121	3.0625
122	3.0625
123	3.0625
124	3.0625
125	3.0625
126	3.0625
127	3.0625
128	3.0625
129	3.0625
130	3.0625
131	3.0625
132	3.0625
133	3.0625
134	3.0625
135	3.0625
136	3.0625
137	3.0625
138	3.0625
139	3.0625
140	3.0625
141	3.0625
142	3.0625
143	3.0625
144	3.0625
145	3.0625
146	3.0625
147	3.0625
148	3.0625
149	3.0625
150	3.0625
151	3.0625
152	3.0625
153	3.0625
154	3.0625
155	3.0625
156	3.0625
157	3.0625
158	3.0625
159	3.0625
160	3.0625
161	3.0625
162	3.0625
163	3.0625
164	3.0625
165	3.0625
166	3.0625
167	3.0625
168	3.0625
169	3.0625
170	3.0625
171	3.0625
172	3.0625
173	3.0625
174	3.0625
175	3.0625
176	3.0625
177	3.0625
178	3.0625
179	3.0625
180	3.0625
181	3.0625
182	3.0625
183	3.0625
184	3.0625
185	3.0625
186	3.0625
187	3.0625
188	3.0625
189	3.0625
190	3.0625
191	3.0625
192	3.0625
193	3.0625
194	3.0625
195	3.0625
196	3.0625
197	3.0625
198	3.0625
199	3.0625
200	3.0625
201	3.0625
202	3.0625
203	3.0625
204	3.0625
205	3.0625
206	3.0625
207	3.0625
208	3.0625
209	3.0625
210	3.0625
211	3.0625
212	3.0625
213	3.0625
214	3.0625
215	3.0625
216	3.0625
217	3.0625
218	3.0625
219	3.0625
220	3.0625
221	3.0625
222	3.0625
223	3.0625
224	3.0625
225	3.0625
226	3.0625
227	3.0625
228	3.0625
229	3.0625
230	3.0625
231	3.0625
232	3.0625
233	3.0625
234	3.0625
235	3.0625
236	3.0625
237	3.0625
238	3.0625
239	3.0625
240	3.0625
241	3.0625
242	3.0625
243	3.0625
244	3.0625
245	3.0625
246	3.0625
247	3.0625
248	3.0625
249	3.0625
250	3.0625
251	3.0625
252	3.0625
253	3.0625
254	3.0625
255	3.0625
256	3.0625
257	3.0625
258	3.0625
259	3.0625
260	3.0625
261	3.0625
262	3.0625
263	3.0625
264	3.0625
265	3.0625
266	3.0625
267	3.0625
268	3.0625
269	3.0625
270	3.0625
271	3.0625
272	3.0625
273	3.0625
274	3.0625
275	3.0625
276	3.0625
277	3.0625
278	3.0625
279	3.0625
280	3.0625
281	3.0625
282	3.0625
283	3.0625
284	3.0625
285	3.0625
286	3.0625
287	3.0625
288	3.0625
289	3.0625
290	3.0625
291	3.0625
292	3.0625
293	3.0625
294	3.0625
295	3.0625
296	3.0625
297	3.0625
298	3.0625
299	3.0625
300	3.0625
301	3.0625
302	3.0625
303	3.0625
304	3.0625
305	3.0625
306	3.0625
307	3.0625
308	3.0625
309	3.0625
310	3.0625
311	3.0625
312	3.0625
313	3.0625
314	3.0625
315	3.0625
316	3.0625
317	3.0625
318	3.0625
319	3.0625
320	3.0625
321	3.0625
322	3.0625
323	3.0625
324	3.0625
325	3.0625
326	3.0625
327	3.0625
328	3.0625
329	3.0625
330	3.0625
331	3.0625
332	3.0625
333	3.0625
334	3.0625
335	3.0625
336	3.0625
337	3.0625
338	3.0625
339	3.0625
340	3.0625
341	3.0625
342	3.0625
343	3.0625
344	3.0625
345	3.0625
346	3.0625
347	3.0625
348	3.0625
349	3.0625
350	3.0625
351	3.0625
352	3.0625
353	3.0625
354	3.0625
355	3.0625
356	3.0625
357	3.0625
358	3.0625
359	3.0625
360	3.0625
361	3.0625
362	3.0625
363	3.0625
364	3.0625
365	3.0625
366	3.0625
367	3.0625
368	3.0625
369	3.0625
370	3.0625
371	3.0625
372	3.0625
373	3.0625
374	3.0625
375	3.0625
376	3.0625
377	3.0625
378	3.0625
379	3.0625
380	3.0625
381	3.0625
382	3.0625
383	3.0625
384	3.0625
385	3.0625
386	3.0625
387	3.0625
388	3.0625
389	3.0625
390	3.0625
391	3.0625
392	3.0625
393	3.0625
394	3.0625
395	3.0625
396	3.0625
397	3.0625
398	3.0625
399	3.0625
400	3.0625
401	3.0625
402	3.0625
403	3.0625
404	3.0625
405	3.0625
406	3.0625
407	3.0625
408	3.0625
409	3.0625
410	3.0625
411	3.0625
412	3.0625
413	3.0625
414	3.0625
415	3.0625
416	3.0625
417	3.0625
418	3.0625
419	3.0625
420	3.0625
421	3.0625
422	3.0625
423	3.0625
424	3.0625
425	3.0625
426	3.0625
427	3.0625
428	3.0625
429	3.0625
430	3.0625
431	3.0625
432	3.0625
433	3.0625
434	3.0625
435	3.0625
436	3.0625
437	3.0625
438	3.0625
439	3.0625
440	3.0625
441	3.0625
442	3.0625
443	3.0625
444	3.0625
445	3.0625
446	3.0625
447	3.0625
448	3.0625
449	3.0625
450	3.0625
451	3.0625
452	3.0625
453	3.0625
454	3.0625
455	3.0625
456	3.0625
457	3.0625
458	3.0625
459	3.0625
460	3.0625
461	3.0625
462	3.0625
463	3.0625
464	3.0625
465	3.0625
466	3.0625
467	3.0625
468	3.0625
469	3.0625
470	3.0625
471	3.0625
472	3.0625
473	3.0625
474	3.0625
475	3.0625
476	3.0625
477	3.0625
478	3.0625
479	3.0625
480	3.0625
481	3.0625
482	3.0625
483	3.0625
484	3.0625
485	3.0625
486	3.0625
487	3.0625
488	3.0625
489	3.0625
490	3.0625
491	3.0625
492	3.0625
493	3.0625
494	3.0625
495	3.0625
496	3.0625
497	3.0625
498	3.0625
499	3.0625
500	3.0625
501	3.0625
502	3.0625
503	3.0625
504	3.0625
505	3.0625
506	3.0625
507	3.0625
508	3.0625
509	3.0625
510	3.0625
511	3.0625
512	3.0625
513	3.0625
514	3.0625
515	3.0625
516	3.0625
517	3.0625
518	3.0625
519	3.0625
520	3.0625
521	3.0625
522	3.0625
523	3.0625
524	3.0625
525	3.0625
526	3.0625
527	3.0625
528	3.0625
529	3.0625
530	3.0625
531	3.0625
532	3.0625
533	3.0625
534	3.0625
535	3.0625
536	3.0625
537	3.0625
538	3.0625
539	3.0625
540	3.0625
541	3.0625
542	3.0625
543	3.0625
544	3.0625
545	3.0625
546	3.0625
547	3.0625
548	3.0625
549	3.0625
550	3.0625
551	3.0625
552	3.0625
553	3.0625
554	3.0625
555	3.0625
556	3.0625
557	3.0625
558	3.0625
559	3.0625
560	3.0625
561	3.0625
562	3.0625
563	3.0625
564	3.0625
565	3.0625
566	3.0625
567	3.0625
568	3.0625
569	3.0625
570	3.0625
571	3.0625
572	3.0625
573	3.0625
574	3.0625
575	3.0625
576	3.0625
577	3.0625
578	3.0625
579	3.0625
580	3.0625
581	3.0625
582	3.0625
583	3.0625
584	3.0625
585	3.0625
586	3.0625
587	3.0625
588	3.0625
589	3.0625
590	3.0625
591	3.0625
592	3.0625
593	3.0625
594	3.0625
595	3.0625
596	3.0625
597	3.0625
598	3.0625
599	3.0625
600	3.0625
601	3.0625
602	3.0625
603	3.0625
604	3.0625
605	3.0625
606	3.0625
607	3.0625
608	3.0625
609	3.0625
610	3.0625
611	3.0625
612	3.0625
613	3.0625
614	3.0625
615	3.0625
616	3.0625
617	3.0625
618	3.0625
619	3.0625
620	3.0625
621	3.0625
622	3.0625
623	3.0625
624	3.0625
625	3.0625
626	3.0625
627	3.0625
628	3.0625
629	3.0625
630	3.0625
631	3.0625
632	3.0625
633	3.0625
634	3.0625
635	3.0625
636	3.0625
637	3.0625
638	3.0625
639	3.0625
640	3.0625
641	3.0625
642	3.0625
643	3.0625
644	3.0625
645	3.0625
646	3.0625
647	3.0625
648	3.0625
649	3.0625
650	3.0625
651	3.0625
652	3.0625
653	3.0625
654	3.0625
655	3.0625
656	3.0625
657	3.0625
658	3.0625
659	3.0625
660	3.0625
661	3.0625
662	3.0625
663	3.0625
664	3.0625
665	3.0625
666	3.0625
667	3.0625
668	3.0625
669	3.0625
670	3.0625
671	3.0625
672	3.0625
673	3.0625
674	3.0625
675	3.0625
676	3.0625
677	3.0625
678	3.0625
679	3.0625
680	3.0625
681	3.0625
682	3.0625
683	3.0625
684	3.0625
685	3.0625
686	3.0625
687	3.0625
688	3.0625
689	3.0625
690	3.0625
691	3.0625
692	3.0625
693	3.0625
694	3.0625
695	3.0625
696	3.0625
697	3.0625
698	3.0625
699	3.0625
700	3.0625
701	3.0625
702	3.0625
703	3.0625
704	3.0625
705	3.0625
706	3.0625
707	3.0625
708	3.0625
709	3.0625
710	3.0625
711	3.0625
712	3.0625
713	3.0625
714	3.0625
715	3.0625
716	3.0625
717	3.0625
718	3.0625
719	3.0625
720	3.0625
721	3.0625
722	3.0625
723	3.0625
724	3.0625
725	3.0625
726	3.0625
727	3.0625
728	3.0625
729	3.0625
730	3.0625
731	3.0625
732	3.0625
733	3.0625
734	3.0625
735	3.0625
736	3.0625
737	3.0625
738	3.0625
739	3.0625
740	3.0625
741	3.0625
742	3.0625
743	3.0625
744	3.0625
745	3.0625
746	3.0625
747	3.0625
748	3.0625
749	3.0625
750	3.0625
751	3.0625
752	3.0625
753	3.0625
754	3.0625
755	3.0625
756	3.0625
757	3.0625
758	3.0625
759	3.0625
760	3.0625
761	3.0625
762	3.0625
763	3.0625
764	3.0625
765	3.0625
766	3.0625
767	3.0625
768	3.0625
769	3.0625
770	3.0625
771	3.0625
772	3.0625
773	3.0625
774	3.0625
775	3.0625
776	3.0625
777	3.0625
778	3.0625
779	3.0625
780	3.0625
781	3.0625
782	3.0625
783	3.0625
784	3.0625
785	3.0625
786	3.0625
787	3.0625
788	3.0625
789	3.0625
790	3.0625
791	3.0625
792	3.0625
793	3.0625
794	3.0625
795	3.0625
796	3.0625
797	3.0625
798	3.0625
799	3.0625
800	3.0625
801	3.0625
802	3.0625
803	3.0625
804	3.0625
805	3.0625
806	3.0625
807	3.0625
808	3.0625
809	3.0625
810	3.0625
811	3.0625
812	3.0625
813	3.0625
814	3.0625
815	3.0625
816	3.0625
817	3.0625
818	3.0625
819	3.0625
820	3.0625
821	3.0625
822	3.0625
823	3.0625
824	3.0625
825	3.0625
826	3.0625
827	3.0625
828	3.0625
829	3.0625
830	3.0625
831	3.0625
832	3.0625
833	3.0625
834	3.0625
835	3.0625
836	3.0625
837	3.0625
838	3.0625
839	3.0625
840	3.0625
841	3.0625
842	3.0625
843	3.0625
844	3.0625
845	3.0625
846	3.0625
847	3.0625
848	3.0625
849	3.0625
850	3.0625
851	3.0625
852	3.0625
853	3.0625
854	3.0625
855	3.0625
856	3.0625
857	3.0625
858	3.0625
859	3.0625
860	3.0625
861	3.0625
862	3.0625
863	3.0625
864	3.0625
865	3.0625
866	3.0625
867	3.0625
868	3.0625
869	3.0625
870	3.0625
871	3.0625
872	3.0625
873	3.0625
874	3.0625
875	3.0625
876	3.0625
877	3.0625
878	3.0625
879	3.0625
880	3.0625
881	3.0625
882	3.0625
883	3.0625
884	3.0625
885	3.0625
886	3.0625
887	3.0625
888	3.0625
889	3.0625
890	3.0625
891	3.0625
892	3.0625
893	3.0625
894	3.0625
895	3.0625
896	3.0625
897	3.0625
898	3.0625
899	3.0625
900	3.0625
901	3.0625
902	3.0625
903	3.0625
904	3.0625
905	3.0625
906	3.0625
907	3.0625
908	3.0625
909	3.0625
910	3.0625
911	3.0625
912	3.0625
913	3.0625
914	3.0625
915	3.0625
916	3.0625
917	3.0625
918	3.0625
919	3.0625
920	3.0625
921	3.0625
922	3.0625
923	3.0625
924	3.0625
925	3.0625
926	3.0625
927	3.0625
928	3.0625
929	3.0625
930	3.0625
931	3.0625
932	3.0625
933	3.0625
934	3.0625
935	3.0625
936	3.0625
937	3.0625
938	3.0625
939	3.0625
940	3.0625
941	3.0625
942	3.0625
943	3.0625
944	3.0625
945	3.0625
946	3.0625
947	3.0625
948	3.0625
949	3.0625
950	3.0625
951	3.0625
952	3.0625
953	3.0625
954	3.0625
955	3.0625
956	3.0625
957	3.0625
958	3.0625
959	3.0625
960	3.0625
961	3.0625
962	3.0625
963	3.0625
964	3.0625
965	3.0625
966	3.0625
967	3.0625
968	3.0625
969	3.0625
970	3.0625
971	3.0625
972	3.0625
973	3.0625
974	3.0625
975	3.0625
976	3.0625
977	3.0625
978	3.0625
979	3.0625
980	3.0625
981	3.0625
982	3.0625
983	3.0625
984	3.0625
985	3.0625
986	3.0625
987	3.0625
988	3.0625
989	3.0625
990	3.0625
991	3.0625
992	3.0625
993	3.0625
994	3.0625
995	3.0625
996	3.0625
997	3.0625
998	3.0625
999	3.0625
1000	3.0625
