1	3.1832635983263344314764253795146942138671875
2	3.14059702932598838742705993354320526123046875
3	3.1416210293249378082691691815853118896484375
4	3.1415917721820960650802589952945709228515625
5	3.14159268240427991258911788463592529296875
6	3.14159265261520204148837365210056304931640625
7	3.1415926536234337618225254118442535400390625
8	3.14159265358847505922312848269939422607421875
9	3.14159265358966877101920545101165771484375
10	3.14159265358961192760034464299678802490234375
11	3.14159265358961192760034464299678802490234375
12	3.14159265358961192760034464299678802490234375
13	3.14159265358961192760034464299678802490234375
14	3.14159265358961192760034464299678802490234375
15	3.14159265358961192760034464299678802490234375
16	3.14159265358961192760034464299678802490234375
17	3.14159265358961192760034464299678802490234375
18	3.14159265358961192760034464299678802490234375
19	3.14159265358961192760034464299678802490234375
20	3.14159265358961192760034464299678802490234375
21	3.14159265358961192760034464299678802490234375
22	3.14159265358961192760034464299678802490234375
23	3.14159265358961192760034464299678802490234375
24	3.14159265358961192760034464299678802490234375
25	3.14159265358961192760034464299678802490234375
26	3.14159265358961192760034464299678802490234375
27	3.14159265358961192760034464299678802490234375
28	3.14159265358961192760034464299678802490234375
29	3.14159265358961192760034464299678802490234375
30	3.14159265358961192760034464299678802490234375
31	3.14159265358961192760034464299678802490234375
32	3.14159265358961192760034464299678802490234375
33	3.14159265358961192760034464299678802490234375
34	3.14159265358961192760034464299678802490234375
35	3.14159265358961192760034464299678802490234375
36	3.14159265358961192760034464299678802490234375
37	3.14159265358961192760034464299678802490234375
38	3.14159265358961192760034464299678802490234375
39	3.14159265358961192760034464299678802490234375
40	3.14159265358961192760034464299678802490234375
41	3.14159265358961192760034464299678802490234375
42	3.14159265358961192760034464299678802490234375
43	3.14159265358961192760034464299678802490234375
44	3.14159265358961192760034464299678802490234375
45	3.14159265358961192760034464299678802490234375
46	3.14159265358961192760034464299678802490234375
47	3.14159265358961192760034464299678802490234375
48	3.14159265358961192760034464299678802490234375
49	3.14159265358961192760034464299678802490234375
50	3.14159265358961192760034464299678802490234375
51	3.14159265358961192760034464299678802490234375
52	3.14159265358961192760034464299678802490234375
53	3.14159265358961192760034464299678802490234375
54	3.14159265358961192760034464299678802490234375
55	3.14159265358961192760034464299678802490234375
56	3.14159265358961192760034464299678802490234375
57	3.14159265358961192760034464299678802490234375
58	3.14159265358961192760034464299678802490234375
59	3.14159265358961192760034464299678802490234375
60	3.14159265358961192760034464299678802490234375
61	3.14159265358961192760034464299678802490234375
62	3.14159265358961192760034464299678802490234375
63	3.14159265358961192760034464299678802490234375
64	3.14159265358961192760034464299678802490234375
65	3.14159265358961192760034464299678802490234375
66	3.14159265358961192760034464299678802490234375
67	3.14159265358961192760034464299678802490234375
68	3.14159265358961192760034464299678802490234375
69	3.14159265358961192760034464299678802490234375
70	3.14159265358961192760034464299678802490234375
71	3.14159265358961192760034464299678802490234375
72	3.14159265358961192760034464299678802490234375
73	3.14159265358961192760034464299678802490234375
74	3.14159265358961192760034464299678802490234375
75	3.14159265358961192760034464299678802490234375
76	3.14159265358961192760034464299678802490234375
77	3.14159265358961192760034464299678802490234375
78	3.14159265358961192760034464299678802490234375
79	3.14159265358961192760034464299678802490234375
80	3.14159265358961192760034464299678802490234375
81	3.14159265358961192760034464299678802490234375
82	3.14159265358961192760034464299678802490234375
83	3.14159265358961192760034464299678802490234375
84	3.14159265358961192760034464299678802490234375
85	3.14159265358961192760034464299678802490234375
86	3.14159265358961192760034464299678802490234375
87	3.14159265358961192760034464299678802490234375
88	3.14159265358961192760034464299678802490234375
89	3.14159265358961192760034464299678802490234375
90	3.14159265358961192760034464299678802490234375
91	3.14159265358961192760034464299678802490234375
92	3.14159265358961192760034464299678802490234375
93	3.14159265358961192760034464299678802490234375
94	3.14159265358961192760034464299678802490234375
95	3.14159265358961192760034464299678802490234375
96	3.14159265358961192760034464299678802490234375
97	3.14159265358961192760034464299678802490234375
98	3.14159265358961192760034464299678802490234375
99	3.14159265358961192760034464299678802490234375
100	3.14159265358961192760034464299678802490234375
101	3.14159265358961192760034464299678802490234375
102	3.14159265358961192760034464299678802490234375
103	3.14159265358961192760034464299678802490234375
104	3.14159265358961192760034464299678802490234375
105	3.14159265358961192760034464299678802490234375
106	3.14159265358961192760034464299678802490234375
107	3.14159265358961192760034464299678802490234375
108	3.14159265358961192760034464299678802490234375
109	3.14159265358961192760034464299678802490234375
110	3.14159265358961192760034464299678802490234375
111	3.14159265358961192760034464299678802490234375
112	3.14159265358961192760034464299678802490234375
113	3.14159265358961192760034464299678802490234375
114	3.14159265358961192760034464299678802490234375
115	3.14159265358961192760034464299678802490234375
116	3.14159265358961192760034464299678802490234375
117	3.14159265358961192760034464299678802490234375
118	3.14159265358961192760034464299678802490234375
119	3.14159265358961192760034464299678802490234375
120	3.14159265358961192760034464299678802490234375
121	3.14159265358961192760034464299678802490234375
122	3.14159265358961192760034464299678802490234375
123	3.14159265358961192760034464299678802490234375
124	3.14159265358961192760034464299678802490234375
125	3.14159265358961192760034464299678802490234375
126	3.14159265358961192760034464299678802490234375
127	3.14159265358961192760034464299678802490234375
128	3.14159265358961192760034464299678802490234375
129	3.14159265358961192760034464299678802490234375
130	3.14159265358961192760034464299678802490234375
131	3.14159265358961192760034464299678802490234375
132	3.14159265358961192760034464299678802490234375
133	3.14159265358961192760034464299678802490234375
134	3.14159265358961192760034464299678802490234375
135	3.14159265358961192760034464299678802490234375
136	3.14159265358961192760034464299678802490234375
137	3.14159265358961192760034464299678802490234375
138	3.14159265358961192760034464299678802490234375
139	3.14159265358961192760034464299678802490234375
140	3.14159265358961192760034464299678802490234375
141	3.14159265358961192760034464299678802490234375
142	3.14159265358961192760034464299678802490234375
143	3.14159265358961192760034464299678802490234375
144	3.14159265358961192760034464299678802490234375
145	3.14159265358961192760034464299678802490234375
146	3.14159265358961192760034464299678802490234375
147	3.14159265358961192760034464299678802490234375
148	3.14159265358961192760034464299678802490234375
149	3.14159265358961192760034464299678802490234375
150	3.14159265358961192760034464299678802490234375
151	3.14159265358961192760034464299678802490234375
152	3.14159265358961192760034464299678802490234375
153	3.14159265358961192760034464299678802490234375
154	3.14159265358961192760034464299678802490234375
155	3.14159265358961192760034464299678802490234375
156	3.14159265358961192760034464299678802490234375
157	3.14159265358961192760034464299678802490234375
158	3.14159265358961192760034464299678802490234375
159	3.14159265358961192760034464299678802490234375
160	3.14159265358961192760034464299678802490234375
161	3.14159265358961192760034464299678802490234375
162	3.14159265358961192760034464299678802490234375
163	3.14159265358961192760034464299678802490234375
164	3.14159265358961192760034464299678802490234375
165	3.14159265358961192760034464299678802490234375
166	3.14159265358961192760034464299678802490234375
167	3.14159265358961192760034464299678802490234375
168	3.14159265358961192760034464299678802490234375
169	3.14159265358961192760034464299678802490234375
170	3.14159265358961192760034464299678802490234375
171	3.14159265358961192760034464299678802490234375
172	3.14159265358961192760034464299678802490234375
173	3.14159265358961192760034464299678802490234375
174	3.14159265358961192760034464299678802490234375
175	3.14159265358961192760034464299678802490234375
176	3.14159265358961192760034464299678802490234375
177	3.14159265358961192760034464299678802490234375
178	3.14159265358961192760034464299678802490234375
179	3.14159265358961192760034464299678802490234375
180	3.14159265358961192760034464299678802490234375
181	3.14159265358961192760034464299678802490234375
182	3.14159265358961192760034464299678802490234375
183	3.14159265358961192760034464299678802490234375
184	3.14159265358961192760034464299678802490234375
185	3.14159265358961192760034464299678802490234375
186	3.14159265358961192760034464299678802490234375
187	3.14159265358961192760034464299678802490234375
188	3.14159265358961192760034464299678802490234375
189	3.14159265358961192760034464299678802490234375
190	3.14159265358961192760034464299678802490234375
191	3.14159265358961192760034464299678802490234375
192	3.14159265358961192760034464299678802490234375
193	3.14159265358961192760034464299678802490234375
194	3.14159265358961192760034464299678802490234375
195	3.14159265358961192760034464299678802490234375
196	3.14159265358961192760034464299678802490234375
197	3.14159265358961192760034464299678802490234375
198	3.14159265358961192760034464299678802490234375
199	3.14159265358961192760034464299678802490234375
200	3.14159265358961192760034464299678802490234375
201	3.14159265358961192760034464299678802490234375
202	3.14159265358961192760034464299678802490234375
203	3.14159265358961192760034464299678802490234375
204	3.14159265358961192760034464299678802490234375
205	3.14159265358961192760034464299678802490234375
206	3.14159265358961192760034464299678802490234375
207	3.14159265358961192760034464299678802490234375
208	3.14159265358961192760034464299678802490234375
209	3.14159265358961192760034464299678802490234375
210	3.14159265358961192760034464299678802490234375
211	3.14159265358961192760034464299678802490234375
212	3.14159265358961192760034464299678802490234375
213	3.14159265358961192760034464299678802490234375
214	3.14159265358961192760034464299678802490234375
215	3.14159265358961192760034464299678802490234375
216	3.14159265358961192760034464299678802490234375
217	3.14159265358961192760034464299678802490234375
218	3.14159265358961192760034464299678802490234375
219	3.14159265358961192760034464299678802490234375
220	3.14159265358961192760034464299678802490234375
221	3.14159265358961192760034464299678802490234375
222	3.14159265358961192760034464299678802490234375
223	3.14159265358961192760034464299678802490234375
224	3.14159265358961192760034464299678802490234375
225	3.14159265358961192760034464299678802490234375
226	3.14159265358961192760034464299678802490234375
227	3.14159265358961192760034464299678802490234375
228	3.14159265358961192760034464299678802490234375
229	3.14159265358961192760034464299678802490234375
230	3.14159265358961192760034464299678802490234375
231	3.14159265358961192760034464299678802490234375
232	3.14159265358961192760034464299678802490234375
233	3.14159265358961192760034464299678802490234375
234	3.14159265358961192760034464299678802490234375
235	3.14159265358961192760034464299678802490234375
236	3.14159265358961192760034464299678802490234375
237	3.14159265358961192760034464299678802490234375
238	3.14159265358961192760034464299678802490234375
239	3.14159265358961192760034464299678802490234375
240	3.14159265358961192760034464299678802490234375
241	3.14159265358961192760034464299678802490234375
242	3.14159265358961192760034464299678802490234375
243	3.14159265358961192760034464299678802490234375
244	3.14159265358961192760034464299678802490234375
245	3.14159265358961192760034464299678802490234375
246	3.14159265358961192760034464299678802490234375
247	3.14159265358961192760034464299678802490234375
248	3.14159265358961192760034464299678802490234375
249	3.14159265358961192760034464299678802490234375
250	3.14159265358961192760034464299678802490234375
251	3.14159265358961192760034464299678802490234375
252	3.14159265358961192760034464299678802490234375
253	3.14159265358961192760034464299678802490234375
254	3.14159265358961192760034464299678802490234375
255	3.14159265358961192760034464299678802490234375
256	3.14159265358961192760034464299678802490234375
257	3.14159265358961192760034464299678802490234375
258	3.14159265358961192760034464299678802490234375
259	3.14159265358961192760034464299678802490234375
260	3.14159265358961192760034464299678802490234375
261	3.14159265358961192760034464299678802490234375
262	3.14159265358961192760034464299678802490234375
263	3.14159265358961192760034464299678802490234375
264	3.14159265358961192760034464299678802490234375
265	3.14159265358961192760034464299678802490234375
266	3.14159265358961192760034464299678802490234375
267	3.14159265358961192760034464299678802490234375
268	3.14159265358961192760034464299678802490234375
269	3.14159265358961192760034464299678802490234375
270	3.14159265358961192760034464299678802490234375
271	3.14159265358961192760034464299678802490234375
272	3.14159265358961192760034464299678802490234375
273	3.14159265358961192760034464299678802490234375
274	3.14159265358961192760034464299678802490234375
275	3.14159265358961192760034464299678802490234375
276	3.14159265358961192760034464299678802490234375
277	3.14159265358961192760034464299678802490234375
278	3.14159265358961192760034464299678802490234375
279	3.14159265358961192760034464299678802490234375
280	3.14159265358961192760034464299678802490234375
281	3.14159265358961192760034464299678802490234375
282	3.14159265358961192760034464299678802490234375
283	3.14159265358961192760034464299678802490234375
284	3.14159265358961192760034464299678802490234375
285	3.14159265358961192760034464299678802490234375
286	3.14159265358961192760034464299678802490234375
287	3.14159265358961192760034464299678802490234375
288	3.14159265358961192760034464299678802490234375
289	3.14159265358961192760034464299678802490234375
290	3.14159265358961192760034464299678802490234375
291	3.14159265358961192760034464299678802490234375
292	3.14159265358961192760034464299678802490234375
293	3.14159265358961192760034464299678802490234375
294	3.14159265358961192760034464299678802490234375
295	3.14159265358961192760034464299678802490234375
296	3.14159265358961192760034464299678802490234375
297	3.14159265358961192760034464299678802490234375
298	3.14159265358961192760034464299678802490234375
299	3.14159265358961192760034464299678802490234375
300	3.14159265358961192760034464299678802490234375
301	3.14159265358961192760034464299678802490234375
302	3.14159265358961192760034464299678802490234375
303	3.14159265358961192760034464299678802490234375
304	3.14159265358961192760034464299678802490234375
305	3.14159265358961192760034464299678802490234375
306	3.14159265358961192760034464299678802490234375
307	3.14159265358961192760034464299678802490234375
308	3.14159265358961192760034464299678802490234375
309	3.14159265358961192760034464299678802490234375
310	3.14159265358961192760034464299678802490234375
311	3.14159265358961192760034464299678802490234375
312	3.14159265358961192760034464299678802490234375
313	3.14159265358961192760034464299678802490234375
314	3.14159265358961192760034464299678802490234375
315	3.14159265358961192760034464299678802490234375
316	3.14159265358961192760034464299678802490234375
317	3.14159265358961192760034464299678802490234375
318	3.14159265358961192760034464299678802490234375
319	3.14159265358961192760034464299678802490234375
320	3.14159265358961192760034464299678802490234375
321	3.14159265358961192760034464299678802490234375
322	3.14159265358961192760034464299678802490234375
323	3.14159265358961192760034464299678802490234375
324	3.14159265358961192760034464299678802490234375
325	3.14159265358961192760034464299678802490234375
326	3.14159265358961192760034464299678802490234375
327	3.14159265358961192760034464299678802490234375
328	3.14159265358961192760034464299678802490234375
329	3.14159265358961192760034464299678802490234375
330	3.14159265358961192760034464299678802490234375
331	3.14159265358961192760034464299678802490234375
332	3.14159265358961192760034464299678802490234375
333	3.14159265358961192760034464299678802490234375
334	3.14159265358961192760034464299678802490234375
335	3.14159265358961192760034464299678802490234375
336	3.14159265358961192760034464299678802490234375
337	3.14159265358961192760034464299678802490234375
338	3.14159265358961192760034464299678802490234375
339	3.14159265358961192760034464299678802490234375
340	3.14159265358961192760034464299678802490234375
341	3.14159265358961192760034464299678802490234375
342	3.14159265358961192760034464299678802490234375
343	3.14159265358961192760034464299678802490234375
344	3.14159265358961192760034464299678802490234375
345	3.14159265358961192760034464299678802490234375
346	3.14159265358961192760034464299678802490234375
347	3.14159265358961192760034464299678802490234375
348	3.14159265358961192760034464299678802490234375
349	3.14159265358961192760034464299678802490234375
350	3.14159265358961192760034464299678802490234375
351	3.14159265358961192760034464299678802490234375
352	3.14159265358961192760034464299678802490234375
353	3.14159265358961192760034464299678802490234375
354	3.14159265358961192760034464299678802490234375
355	3.14159265358961192760034464299678802490234375
356	3.14159265358961192760034464299678802490234375
357	3.14159265358961192760034464299678802490234375
358	3.14159265358961192760034464299678802490234375
359	3.14159265358961192760034464299678802490234375
360	3.14159265358961192760034464299678802490234375
361	3.14159265358961192760034464299678802490234375
362	3.14159265358961192760034464299678802490234375
363	3.14159265358961192760034464299678802490234375
364	3.14159265358961192760034464299678802490234375
365	3.14159265358961192760034464299678802490234375
366	3.14159265358961192760034464299678802490234375
367	3.14159265358961192760034464299678802490234375
368	3.14159265358961192760034464299678802490234375
369	3.14159265358961192760034464299678802490234375
370	3.14159265358961192760034464299678802490234375
371	3.14159265358961192760034464299678802490234375
372	3.14159265358961192760034464299678802490234375
373	3.14159265358961192760034464299678802490234375
374	3.14159265358961192760034464299678802490234375
375	3.14159265358961192760034464299678802490234375
376	3.14159265358961192760034464299678802490234375
377	3.14159265358961192760034464299678802490234375
378	3.14159265358961192760034464299678802490234375
379	3.14159265358961192760034464299678802490234375
380	3.14159265358961192760034464299678802490234375
381	3.14159265358961192760034464299678802490234375
382	3.14159265358961192760034464299678802490234375
383	3.14159265358961192760034464299678802490234375
384	3.14159265358961192760034464299678802490234375
385	3.14159265358961192760034464299678802490234375
386	3.14159265358961192760034464299678802490234375
387	3.14159265358961192760034464299678802490234375
388	3.14159265358961192760034464299678802490234375
389	3.14159265358961192760034464299678802490234375
390	3.14159265358961192760034464299678802490234375
391	3.14159265358961192760034464299678802490234375
392	3.14159265358961192760034464299678802490234375
393	3.14159265358961192760034464299678802490234375
394	3.14159265358961192760034464299678802490234375
395	3.14159265358961192760034464299678802490234375
396	3.14159265358961192760034464299678802490234375
397	3.14159265358961192760034464299678802490234375
398	3.14159265358961192760034464299678802490234375
399	3.14159265358961192760034464299678802490234375
400	3.14159265358961192760034464299678802490234375
401	3.14159265358961192760034464299678802490234375
402	3.14159265358961192760034464299678802490234375
403	3.14159265358961192760034464299678802490234375
404	3.14159265358961192760034464299678802490234375
405	3.14159265358961192760034464299678802490234375
406	3.14159265358961192760034464299678802490234375
407	3.14159265358961192760034464299678802490234375
408	3.14159265358961192760034464299678802490234375
409	3.14159265358961192760034464299678802490234375
410	3.14159265358961192760034464299678802490234375
411	3.14159265358961192760034464299678802490234375
412	3.14159265358961192760034464299678802490234375
413	3.14159265358961192760034464299678802490234375
414	3.14159265358961192760034464299678802490234375
415	3.14159265358961192760034464299678802490234375
416	3.14159265358961192760034464299678802490234375
417	3.14159265358961192760034464299678802490234375
418	3.14159265358961192760034464299678802490234375
419	3.14159265358961192760034464299678802490234375
420	3.14159265358961192760034464299678802490234375
421	3.14159265358961192760034464299678802490234375
422	3.14159265358961192760034464299678802490234375
423	3.14159265358961192760034464299678802490234375
424	3.14159265358961192760034464299678802490234375
425	3.14159265358961192760034464299678802490234375
426	3.14159265358961192760034464299678802490234375
427	3.14159265358961192760034464299678802490234375
428	3.14159265358961192760034464299678802490234375
429	3.14159265358961192760034464299678802490234375
430	3.14159265358961192760034464299678802490234375
431	3.14159265358961192760034464299678802490234375
432	3.14159265358961192760034464299678802490234375
433	3.14159265358961192760034464299678802490234375
434	3.14159265358961192760034464299678802490234375
435	3.14159265358961192760034464299678802490234375
436	3.14159265358961192760034464299678802490234375
437	3.14159265358961192760034464299678802490234375
438	3.14159265358961192760034464299678802490234375
439	3.14159265358961192760034464299678802490234375
440	3.14159265358961192760034464299678802490234375
441	3.14159265358961192760034464299678802490234375
442	3.14159265358961192760034464299678802490234375
443	3.14159265358961192760034464299678802490234375
444	3.14159265358961192760034464299678802490234375
445	3.14159265358961192760034464299678802490234375
446	3.14159265358961192760034464299678802490234375
447	3.14159265358961192760034464299678802490234375
448	3.14159265358961192760034464299678802490234375
449	3.14159265358961192760034464299678802490234375
450	3.14159265358961192760034464299678802490234375
451	3.14159265358961192760034464299678802490234375
452	3.14159265358961192760034464299678802490234375
453	3.14159265358961192760034464299678802490234375
454	3.14159265358961192760034464299678802490234375
455	3.14159265358961192760034464299678802490234375
456	3.14159265358961192760034464299678802490234375
457	3.14159265358961192760034464299678802490234375
458	3.14159265358961192760034464299678802490234375
459	3.14159265358961192760034464299678802490234375
460	3.14159265358961192760034464299678802490234375
461	3.14159265358961192760034464299678802490234375
462	3.14159265358961192760034464299678802490234375
463	3.14159265358961192760034464299678802490234375
464	3.14159265358961192760034464299678802490234375
465	3.14159265358961192760034464299678802490234375
466	3.14159265358961192760034464299678802490234375
467	3.14159265358961192760034464299678802490234375
468	3.14159265358961192760034464299678802490234375
469	3.14159265358961192760034464299678802490234375
470	3.14159265358961192760034464299678802490234375
471	3.14159265358961192760034464299678802490234375
472	3.14159265358961192760034464299678802490234375
473	3.14159265358961192760034464299678802490234375
474	3.14159265358961192760034464299678802490234375
475	3.14159265358961192760034464299678802490234375
476	3.14159265358961192760034464299678802490234375
477	3.14159265358961192760034464299678802490234375
478	3.14159265358961192760034464299678802490234375
479	3.14159265358961192760034464299678802490234375
480	3.14159265358961192760034464299678802490234375
481	3.14159265358961192760034464299678802490234375
482	3.14159265358961192760034464299678802490234375
483	3.14159265358961192760034464299678802490234375
484	3.14159265358961192760034464299678802490234375
485	3.14159265358961192760034464299678802490234375
486	3.14159265358961192760034464299678802490234375
487	3.14159265358961192760034464299678802490234375
488	3.14159265358961192760034464299678802490234375
489	3.14159265358961192760034464299678802490234375
490	3.14159265358961192760034464299678802490234375
491	3.14159265358961192760034464299678802490234375
492	3.14159265358961192760034464299678802490234375
493	3.14159265358961192760034464299678802490234375
494	3.14159265358961192760034464299678802490234375
495	3.14159265358961192760034464299678802490234375
496	3.14159265358961192760034464299678802490234375
497	3.14159265358961192760034464299678802490234375
498	3.14159265358961192760034464299678802490234375
499	3.14159265358961192760034464299678802490234375
500	3.14159265358961192760034464299678802490234375
501	3.14159265358961192760034464299678802490234375
502	3.14159265358961192760034464299678802490234375
503	3.14159265358961192760034464299678802490234375
504	3.14159265358961192760034464299678802490234375
505	3.14159265358961192760034464299678802490234375
506	3.14159265358961192760034464299678802490234375
507	3.14159265358961192760034464299678802490234375
508	3.14159265358961192760034464299678802490234375
509	3.14159265358961192760034464299678802490234375
510	3.14159265358961192760034464299678802490234375
511	3.14159265358961192760034464299678802490234375
512	3.14159265358961192760034464299678802490234375
513	3.14159265358961192760034464299678802490234375
514	3.14159265358961192760034464299678802490234375
515	3.14159265358961192760034464299678802490234375
516	3.14159265358961192760034464299678802490234375
517	3.14159265358961192760034464299678802490234375
518	3.14159265358961192760034464299678802490234375
519	3.14159265358961192760034464299678802490234375
520	3.14159265358961192760034464299678802490234375
521	3.14159265358961192760034464299678802490234375
522	3.14159265358961192760034464299678802490234375
523	3.14159265358961192760034464299678802490234375
524	3.14159265358961192760034464299678802490234375
525	3.14159265358961192760034464299678802490234375
526	3.14159265358961192760034464299678802490234375
527	3.14159265358961192760034464299678802490234375
528	3.14159265358961192760034464299678802490234375
529	3.14159265358961192760034464299678802490234375
530	3.14159265358961192760034464299678802490234375
531	3.14159265358961192760034464299678802490234375
532	3.14159265358961192760034464299678802490234375
533	3.14159265358961192760034464299678802490234375
534	3.14159265358961192760034464299678802490234375
535	3.14159265358961192760034464299678802490234375
536	3.14159265358961192760034464299678802490234375
537	3.14159265358961192760034464299678802490234375
538	3.14159265358961192760034464299678802490234375
539	3.14159265358961192760034464299678802490234375
540	3.14159265358961192760034464299678802490234375
541	3.14159265358961192760034464299678802490234375
542	3.14159265358961192760034464299678802490234375
543	3.14159265358961192760034464299678802490234375
544	3.14159265358961192760034464299678802490234375
545	3.14159265358961192760034464299678802490234375
546	3.14159265358961192760034464299678802490234375
547	3.14159265358961192760034464299678802490234375
548	3.14159265358961192760034464299678802490234375
549	3.14159265358961192760034464299678802490234375
550	3.14159265358961192760034464299678802490234375
551	3.14159265358961192760034464299678802490234375
552	3.14159265358961192760034464299678802490234375
553	3.14159265358961192760034464299678802490234375
554	3.14159265358961192760034464299678802490234375
555	3.14159265358961192760034464299678802490234375
556	3.14159265358961192760034464299678802490234375
557	3.14159265358961192760034464299678802490234375
558	3.14159265358961192760034464299678802490234375
559	3.14159265358961192760034464299678802490234375
560	3.14159265358961192760034464299678802490234375
561	3.14159265358961192760034464299678802490234375
562	3.14159265358961192760034464299678802490234375
563	3.14159265358961192760034464299678802490234375
564	3.14159265358961192760034464299678802490234375
565	3.14159265358961192760034464299678802490234375
566	3.14159265358961192760034464299678802490234375
567	3.14159265358961192760034464299678802490234375
568	3.14159265358961192760034464299678802490234375
569	3.14159265358961192760034464299678802490234375
570	3.14159265358961192760034464299678802490234375
571	3.14159265358961192760034464299678802490234375
572	3.14159265358961192760034464299678802490234375
573	3.14159265358961192760034464299678802490234375
574	3.14159265358961192760034464299678802490234375
575	3.14159265358961192760034464299678802490234375
576	3.14159265358961192760034464299678802490234375
577	3.14159265358961192760034464299678802490234375
578	3.14159265358961192760034464299678802490234375
579	3.14159265358961192760034464299678802490234375
580	3.14159265358961192760034464299678802490234375
581	3.14159265358961192760034464299678802490234375
582	3.14159265358961192760034464299678802490234375
583	3.14159265358961192760034464299678802490234375
584	3.14159265358961192760034464299678802490234375
585	3.14159265358961192760034464299678802490234375
586	3.14159265358961192760034464299678802490234375
587	3.14159265358961192760034464299678802490234375
588	3.14159265358961192760034464299678802490234375
589	3.14159265358961192760034464299678802490234375
590	3.14159265358961192760034464299678802490234375
591	3.14159265358961192760034464299678802490234375
592	3.14159265358961192760034464299678802490234375
593	3.14159265358961192760034464299678802490234375
594	3.14159265358961192760034464299678802490234375
595	3.14159265358961192760034464299678802490234375
596	3.14159265358961192760034464299678802490234375
597	3.14159265358961192760034464299678802490234375
598	3.14159265358961192760034464299678802490234375
599	3.14159265358961192760034464299678802490234375
600	3.14159265358961192760034464299678802490234375
601	3.14159265358961192760034464299678802490234375
602	3.14159265358961192760034464299678802490234375
603	3.14159265358961192760034464299678802490234375
604	3.14159265358961192760034464299678802490234375
605	3.14159265358961192760034464299678802490234375
606	3.14159265358961192760034464299678802490234375
607	3.14159265358961192760034464299678802490234375
608	3.14159265358961192760034464299678802490234375
609	3.14159265358961192760034464299678802490234375
610	3.14159265358961192760034464299678802490234375
611	3.14159265358961192760034464299678802490234375
612	3.14159265358961192760034464299678802490234375
613	3.14159265358961192760034464299678802490234375
614	3.14159265358961192760034464299678802490234375
615	3.14159265358961192760034464299678802490234375
616	3.14159265358961192760034464299678802490234375
617	3.14159265358961192760034464299678802490234375
618	3.14159265358961192760034464299678802490234375
619	3.14159265358961192760034464299678802490234375
620	3.14159265358961192760034464299678802490234375
621	3.14159265358961192760034464299678802490234375
622	3.14159265358961192760034464299678802490234375
623	3.14159265358961192760034464299678802490234375
624	3.14159265358961192760034464299678802490234375
625	3.14159265358961192760034464299678802490234375
626	3.14159265358961192760034464299678802490234375
627	3.14159265358961192760034464299678802490234375
628	3.14159265358961192760034464299678802490234375
629	3.14159265358961192760034464299678802490234375
630	3.14159265358961192760034464299678802490234375
631	3.14159265358961192760034464299678802490234375
632	3.14159265358961192760034464299678802490234375
633	3.14159265358961192760034464299678802490234375
634	3.14159265358961192760034464299678802490234375
635	3.14159265358961192760034464299678802490234375
636	3.14159265358961192760034464299678802490234375
637	3.14159265358961192760034464299678802490234375
638	3.14159265358961192760034464299678802490234375
639	3.14159265358961192760034464299678802490234375
640	3.14159265358961192760034464299678802490234375
641	3.14159265358961192760034464299678802490234375
642	3.14159265358961192760034464299678802490234375
643	3.14159265358961192760034464299678802490234375
644	3.14159265358961192760034464299678802490234375
645	3.14159265358961192760034464299678802490234375
646	3.14159265358961192760034464299678802490234375
647	3.14159265358961192760034464299678802490234375
648	3.14159265358961192760034464299678802490234375
649	3.14159265358961192760034464299678802490234375
650	3.14159265358961192760034464299678802490234375
651	3.14159265358961192760034464299678802490234375
652	3.14159265358961192760034464299678802490234375
653	3.14159265358961192760034464299678802490234375
654	3.14159265358961192760034464299678802490234375
655	3.14159265358961192760034464299678802490234375
656	3.14159265358961192760034464299678802490234375
657	3.14159265358961192760034464299678802490234375
658	3.14159265358961192760034464299678802490234375
659	3.14159265358961192760034464299678802490234375
660	3.14159265358961192760034464299678802490234375
661	3.14159265358961192760034464299678802490234375
662	3.14159265358961192760034464299678802490234375
663	3.14159265358961192760034464299678802490234375
664	3.14159265358961192760034464299678802490234375
665	3.14159265358961192760034464299678802490234375
666	3.14159265358961192760034464299678802490234375
667	3.14159265358961192760034464299678802490234375
668	3.14159265358961192760034464299678802490234375
669	3.14159265358961192760034464299678802490234375
670	3.14159265358961192760034464299678802490234375
671	3.14159265358961192760034464299678802490234375
672	3.14159265358961192760034464299678802490234375
673	3.14159265358961192760034464299678802490234375
674	3.14159265358961192760034464299678802490234375
675	3.14159265358961192760034464299678802490234375
676	3.14159265358961192760034464299678802490234375
677	3.14159265358961192760034464299678802490234375
678	3.14159265358961192760034464299678802490234375
679	3.14159265358961192760034464299678802490234375
680	3.14159265358961192760034464299678802490234375
681	3.14159265358961192760034464299678802490234375
682	3.14159265358961192760034464299678802490234375
683	3.14159265358961192760034464299678802490234375
684	3.14159265358961192760034464299678802490234375
685	3.14159265358961192760034464299678802490234375
686	3.14159265358961192760034464299678802490234375
687	3.14159265358961192760034464299678802490234375
688	3.14159265358961192760034464299678802490234375
689	3.14159265358961192760034464299678802490234375
690	3.14159265358961192760034464299678802490234375
691	3.14159265358961192760034464299678802490234375
692	3.14159265358961192760034464299678802490234375
693	3.14159265358961192760034464299678802490234375
694	3.14159265358961192760034464299678802490234375
695	3.14159265358961192760034464299678802490234375
696	3.14159265358961192760034464299678802490234375
697	3.14159265358961192760034464299678802490234375
698	3.14159265358961192760034464299678802490234375
699	3.14159265358961192760034464299678802490234375
700	3.14159265358961192760034464299678802490234375
701	3.14159265358961192760034464299678802490234375
702	3.14159265358961192760034464299678802490234375
703	3.14159265358961192760034464299678802490234375
704	3.14159265358961192760034464299678802490234375
705	3.14159265358961192760034464299678802490234375
706	3.14159265358961192760034464299678802490234375
707	3.14159265358961192760034464299678802490234375
708	3.14159265358961192760034464299678802490234375
709	3.14159265358961192760034464299678802490234375
710	3.14159265358961192760034464299678802490234375
711	3.14159265358961192760034464299678802490234375
712	3.14159265358961192760034464299678802490234375
713	3.14159265358961192760034464299678802490234375
714	3.14159265358961192760034464299678802490234375
715	3.14159265358961192760034464299678802490234375
716	3.14159265358961192760034464299678802490234375
717	3.14159265358961192760034464299678802490234375
718	3.14159265358961192760034464299678802490234375
719	3.14159265358961192760034464299678802490234375
720	3.14159265358961192760034464299678802490234375
721	3.14159265358961192760034464299678802490234375
722	3.14159265358961192760034464299678802490234375
723	3.14159265358961192760034464299678802490234375
724	3.14159265358961192760034464299678802490234375
725	3.14159265358961192760034464299678802490234375
726	3.14159265358961192760034464299678802490234375
727	3.14159265358961192760034464299678802490234375
728	3.14159265358961192760034464299678802490234375
729	3.14159265358961192760034464299678802490234375
730	3.14159265358961192760034464299678802490234375
731	3.14159265358961192760034464299678802490234375
732	3.14159265358961192760034464299678802490234375
733	3.14159265358961192760034464299678802490234375
734	3.14159265358961192760034464299678802490234375
735	3.14159265358961192760034464299678802490234375
736	3.14159265358961192760034464299678802490234375
737	3.14159265358961192760034464299678802490234375
738	3.14159265358961192760034464299678802490234375
739	3.14159265358961192760034464299678802490234375
740	3.14159265358961192760034464299678802490234375
741	3.14159265358961192760034464299678802490234375
742	3.14159265358961192760034464299678802490234375
743	3.14159265358961192760034464299678802490234375
744	3.14159265358961192760034464299678802490234375
745	3.14159265358961192760034464299678802490234375
746	3.14159265358961192760034464299678802490234375
747	3.14159265358961192760034464299678802490234375
748	3.14159265358961192760034464299678802490234375
749	3.14159265358961192760034464299678802490234375
750	3.14159265358961192760034464299678802490234375
751	3.14159265358961192760034464299678802490234375
752	3.14159265358961192760034464299678802490234375
753	3.14159265358961192760034464299678802490234375
754	3.14159265358961192760034464299678802490234375
755	3.14159265358961192760034464299678802490234375
756	3.14159265358961192760034464299678802490234375
757	3.14159265358961192760034464299678802490234375
758	3.14159265358961192760034464299678802490234375
759	3.14159265358961192760034464299678802490234375
760	3.14159265358961192760034464299678802490234375
761	3.14159265358961192760034464299678802490234375
762	3.14159265358961192760034464299678802490234375
763	3.14159265358961192760034464299678802490234375
764	3.14159265358961192760034464299678802490234375
765	3.14159265358961192760034464299678802490234375
766	3.14159265358961192760034464299678802490234375
767	3.14159265358961192760034464299678802490234375
768	3.14159265358961192760034464299678802490234375
769	3.14159265358961192760034464299678802490234375
770	3.14159265358961192760034464299678802490234375
771	3.14159265358961192760034464299678802490234375
772	3.14159265358961192760034464299678802490234375
773	3.14159265358961192760034464299678802490234375
774	3.14159265358961192760034464299678802490234375
775	3.14159265358961192760034464299678802490234375
776	3.14159265358961192760034464299678802490234375
777	3.14159265358961192760034464299678802490234375
778	3.14159265358961192760034464299678802490234375
779	3.14159265358961192760034464299678802490234375
780	3.14159265358961192760034464299678802490234375
781	3.14159265358961192760034464299678802490234375
782	3.14159265358961192760034464299678802490234375
783	3.14159265358961192760034464299678802490234375
784	3.14159265358961192760034464299678802490234375
785	3.14159265358961192760034464299678802490234375
786	3.14159265358961192760034464299678802490234375
787	3.14159265358961192760034464299678802490234375
788	3.14159265358961192760034464299678802490234375
789	3.14159265358961192760034464299678802490234375
790	3.14159265358961192760034464299678802490234375
791	3.14159265358961192760034464299678802490234375
792	3.14159265358961192760034464299678802490234375
793	3.14159265358961192760034464299678802490234375
794	3.14159265358961192760034464299678802490234375
795	3.14159265358961192760034464299678802490234375
796	3.14159265358961192760034464299678802490234375
797	3.14159265358961192760034464299678802490234375
798	3.14159265358961192760034464299678802490234375
799	3.14159265358961192760034464299678802490234375
800	3.14159265358961192760034464299678802490234375
801	3.14159265358961192760034464299678802490234375
802	3.14159265358961192760034464299678802490234375
803	3.14159265358961192760034464299678802490234375
804	3.14159265358961192760034464299678802490234375
805	3.14159265358961192760034464299678802490234375
806	3.14159265358961192760034464299678802490234375
807	3.14159265358961192760034464299678802490234375
808	3.14159265358961192760034464299678802490234375
809	3.14159265358961192760034464299678802490234375
810	3.14159265358961192760034464299678802490234375
811	3.14159265358961192760034464299678802490234375
812	3.14159265358961192760034464299678802490234375
813	3.14159265358961192760034464299678802490234375
814	3.14159265358961192760034464299678802490234375
815	3.14159265358961192760034464299678802490234375
816	3.14159265358961192760034464299678802490234375
817	3.14159265358961192760034464299678802490234375
818	3.14159265358961192760034464299678802490234375
819	3.14159265358961192760034464299678802490234375
820	3.14159265358961192760034464299678802490234375
821	3.14159265358961192760034464299678802490234375
822	3.14159265358961192760034464299678802490234375
823	3.14159265358961192760034464299678802490234375
824	3.14159265358961192760034464299678802490234375
825	3.14159265358961192760034464299678802490234375
826	3.14159265358961192760034464299678802490234375
827	3.14159265358961192760034464299678802490234375
828	3.14159265358961192760034464299678802490234375
829	3.14159265358961192760034464299678802490234375
830	3.14159265358961192760034464299678802490234375
831	3.14159265358961192760034464299678802490234375
832	3.14159265358961192760034464299678802490234375
833	3.14159265358961192760034464299678802490234375
834	3.14159265358961192760034464299678802490234375
835	3.14159265358961192760034464299678802490234375
836	3.14159265358961192760034464299678802490234375
837	3.14159265358961192760034464299678802490234375
838	3.14159265358961192760034464299678802490234375
839	3.14159265358961192760034464299678802490234375
840	3.14159265358961192760034464299678802490234375
841	3.14159265358961192760034464299678802490234375
842	3.14159265358961192760034464299678802490234375
843	3.14159265358961192760034464299678802490234375
844	3.14159265358961192760034464299678802490234375
845	3.14159265358961192760034464299678802490234375
846	3.14159265358961192760034464299678802490234375
847	3.14159265358961192760034464299678802490234375
848	3.14159265358961192760034464299678802490234375
849	3.14159265358961192760034464299678802490234375
850	3.14159265358961192760034464299678802490234375
851	3.14159265358961192760034464299678802490234375
852	3.14159265358961192760034464299678802490234375
853	3.14159265358961192760034464299678802490234375
854	3.14159265358961192760034464299678802490234375
855	3.14159265358961192760034464299678802490234375
856	3.14159265358961192760034464299678802490234375
857	3.14159265358961192760034464299678802490234375
858	3.14159265358961192760034464299678802490234375
859	3.14159265358961192760034464299678802490234375
860	3.14159265358961192760034464299678802490234375
861	3.14159265358961192760034464299678802490234375
862	3.14159265358961192760034464299678802490234375
863	3.14159265358961192760034464299678802490234375
864	3.14159265358961192760034464299678802490234375
865	3.14159265358961192760034464299678802490234375
866	3.14159265358961192760034464299678802490234375
867	3.14159265358961192760034464299678802490234375
868	3.14159265358961192760034464299678802490234375
869	3.14159265358961192760034464299678802490234375
870	3.14159265358961192760034464299678802490234375
871	3.14159265358961192760034464299678802490234375
872	3.14159265358961192760034464299678802490234375
873	3.14159265358961192760034464299678802490234375
874	3.14159265358961192760034464299678802490234375
875	3.14159265358961192760034464299678802490234375
876	3.14159265358961192760034464299678802490234375
877	3.14159265358961192760034464299678802490234375
878	3.14159265358961192760034464299678802490234375
879	3.14159265358961192760034464299678802490234375
880	3.14159265358961192760034464299678802490234375
881	3.14159265358961192760034464299678802490234375
882	3.14159265358961192760034464299678802490234375
883	3.14159265358961192760034464299678802490234375
884	3.14159265358961192760034464299678802490234375
885	3.14159265358961192760034464299678802490234375
886	3.14159265358961192760034464299678802490234375
887	3.14159265358961192760034464299678802490234375
888	3.14159265358961192760034464299678802490234375
889	3.14159265358961192760034464299678802490234375
890	3.14159265358961192760034464299678802490234375
891	3.14159265358961192760034464299678802490234375
892	3.14159265358961192760034464299678802490234375
893	3.14159265358961192760034464299678802490234375
894	3.14159265358961192760034464299678802490234375
895	3.14159265358961192760034464299678802490234375
896	3.14159265358961192760034464299678802490234375
897	3.14159265358961192760034464299678802490234375
898	3.14159265358961192760034464299678802490234375
899	3.14159265358961192760034464299678802490234375
900	3.14159265358961192760034464299678802490234375
901	3.14159265358961192760034464299678802490234375
902	3.14159265358961192760034464299678802490234375
903	3.14159265358961192760034464299678802490234375
904	3.14159265358961192760034464299678802490234375
905	3.14159265358961192760034464299678802490234375
906	3.14159265358961192760034464299678802490234375
907	3.14159265358961192760034464299678802490234375
908	3.14159265358961192760034464299678802490234375
909	3.14159265358961192760034464299678802490234375
910	3.14159265358961192760034464299678802490234375
911	3.14159265358961192760034464299678802490234375
912	3.14159265358961192760034464299678802490234375
913	3.14159265358961192760034464299678802490234375
914	3.14159265358961192760034464299678802490234375
915	3.14159265358961192760034464299678802490234375
916	3.14159265358961192760034464299678802490234375
917	3.14159265358961192760034464299678802490234375
918	3.14159265358961192760034464299678802490234375
919	3.14159265358961192760034464299678802490234375
920	3.14159265358961192760034464299678802490234375
921	3.14159265358961192760034464299678802490234375
922	3.14159265358961192760034464299678802490234375
923	3.14159265358961192760034464299678802490234375
924	3.14159265358961192760034464299678802490234375
925	3.14159265358961192760034464299678802490234375
926	3.14159265358961192760034464299678802490234375
927	3.14159265358961192760034464299678802490234375
928	3.14159265358961192760034464299678802490234375
929	3.14159265358961192760034464299678802490234375
930	3.14159265358961192760034464299678802490234375
931	3.14159265358961192760034464299678802490234375
932	3.14159265358961192760034464299678802490234375
933	3.14159265358961192760034464299678802490234375
934	3.14159265358961192760034464299678802490234375
935	3.14159265358961192760034464299678802490234375
936	3.14159265358961192760034464299678802490234375
937	3.14159265358961192760034464299678802490234375
938	3.14159265358961192760034464299678802490234375
939	3.14159265358961192760034464299678802490234375
940	3.14159265358961192760034464299678802490234375
941	3.14159265358961192760034464299678802490234375
942	3.14159265358961192760034464299678802490234375
943	3.14159265358961192760034464299678802490234375
944	3.14159265358961192760034464299678802490234375
945	3.14159265358961192760034464299678802490234375
946	3.14159265358961192760034464299678802490234375
947	3.14159265358961192760034464299678802490234375
948	3.14159265358961192760034464299678802490234375
949	3.14159265358961192760034464299678802490234375
950	3.14159265358961192760034464299678802490234375
951	3.14159265358961192760034464299678802490234375
952	3.14159265358961192760034464299678802490234375
953	3.14159265358961192760034464299678802490234375
954	3.14159265358961192760034464299678802490234375
955	3.14159265358961192760034464299678802490234375
956	3.14159265358961192760034464299678802490234375
957	3.14159265358961192760034464299678802490234375
958	3.14159265358961192760034464299678802490234375
959	3.14159265358961192760034464299678802490234375
960	3.14159265358961192760034464299678802490234375
961	3.14159265358961192760034464299678802490234375
962	3.14159265358961192760034464299678802490234375
963	3.14159265358961192760034464299678802490234375
964	3.14159265358961192760034464299678802490234375
965	3.14159265358961192760034464299678802490234375
966	3.14159265358961192760034464299678802490234375
967	3.14159265358961192760034464299678802490234375
968	3.14159265358961192760034464299678802490234375
969	3.14159265358961192760034464299678802490234375
970	3.14159265358961192760034464299678802490234375
971	3.14159265358961192760034464299678802490234375
972	3.14159265358961192760034464299678802490234375
973	3.14159265358961192760034464299678802490234375
974	3.14159265358961192760034464299678802490234375
975	3.14159265358961192760034464299678802490234375
976	3.14159265358961192760034464299678802490234375
977	3.14159265358961192760034464299678802490234375
978	3.14159265358961192760034464299678802490234375
979	3.14159265358961192760034464299678802490234375
980	3.14159265358961192760034464299678802490234375
981	3.14159265358961192760034464299678802490234375
982	3.14159265358961192760034464299678802490234375
983	3.14159265358961192760034464299678802490234375
984	3.14159265358961192760034464299678802490234375
985	3.14159265358961192760034464299678802490234375
986	3.14159265358961192760034464299678802490234375
987	3.14159265358961192760034464299678802490234375
988	3.14159265358961192760034464299678802490234375
989	3.14159265358961192760034464299678802490234375
990	3.14159265358961192760034464299678802490234375
991	3.14159265358961192760034464299678802490234375
992	3.14159265358961192760034464299678802490234375
993	3.14159265358961192760034464299678802490234375
994	3.14159265358961192760034464299678802490234375
995	3.14159265358961192760034464299678802490234375
996	3.14159265358961192760034464299678802490234375
997	3.14159265358961192760034464299678802490234375
998	3.14159265358961192760034464299678802490234375
999	3.14159265358961192760034464299678802490234375
1000	3.14159265358961192760034464299678802490234375
