1	-0.0132642736762594963539907411131935077719390392
2	0.000316917046093503473186414609585881407838314772
3	-9.03227702428838379110180578646094318173709325e-06
4	2.8056078372979464097394580388011853244734084e-07
5	-9.17193601266726898987377970644263580624055976e-09
6	3.10221974002885779332408754783252310960328657e-10
7	-1.07081501435655246371493878580234823325034732e-11
8	4.19550501981498586467849410063605725454936868e-13
9	3.95802360359904238742187011222460344062523338e-14
10	5.76740582238717673542533984120610457109815106e-14
11	5.76740582238717673542533984120610457109815106e-14
12	5.76740582238717673542533984120610457109815106e-14
13	5.76740582238717673542533984120610457109815106e-14
14	5.76740582238717673542533984120610457109815106e-14
15	5.76740582238717673542533984120610457109815106e-14
16	5.76740582238717673542533984120610457109815106e-14
17	5.76740582238717673542533984120610457109815106e-14
18	5.76740582238717673542533984120610457109815106e-14
19	5.76740582238717673542533984120610457109815106e-14
20	5.76740582238717673542533984120610457109815106e-14
21	5.76740582238717673542533984120610457109815106e-14
22	5.76740582238717673542533984120610457109815106e-14
23	5.76740582238717673542533984120610457109815106e-14
24	5.76740582238717673542533984120610457109815106e-14
25	5.76740582238717673542533984120610457109815106e-14
26	5.76740582238717673542533984120610457109815106e-14
27	5.76740582238717673542533984120610457109815106e-14
28	5.76740582238717673542533984120610457109815106e-14
29	5.76740582238717673542533984120610457109815106e-14
30	5.76740582238717673542533984120610457109815106e-14
31	5.76740582238717673542533984120610457109815106e-14
32	5.76740582238717673542533984120610457109815106e-14
33	5.76740582238717673542533984120610457109815106e-14
34	5.76740582238717673542533984120610457109815106e-14
35	5.76740582238717673542533984120610457109815106e-14
36	5.76740582238717673542533984120610457109815106e-14
37	5.76740582238717673542533984120610457109815106e-14
38	5.76740582238717673542533984120610457109815106e-14
39	5.76740582238717673542533984120610457109815106e-14
40	5.76740582238717673542533984120610457109815106e-14
41	5.76740582238717673542533984120610457109815106e-14
42	5.76740582238717673542533984120610457109815106e-14
43	5.76740582238717673542533984120610457109815106e-14
44	5.76740582238717673542533984120610457109815106e-14
45	5.76740582238717673542533984120610457109815106e-14
46	5.76740582238717673542533984120610457109815106e-14
47	5.76740582238717673542533984120610457109815106e-14
48	5.76740582238717673542533984120610457109815106e-14
49	5.76740582238717673542533984120610457109815106e-14
50	5.76740582238717673542533984120610457109815106e-14
51	5.76740582238717673542533984120610457109815106e-14
52	5.76740582238717673542533984120610457109815106e-14
53	5.76740582238717673542533984120610457109815106e-14
54	5.76740582238717673542533984120610457109815106e-14
55	5.76740582238717673542533984120610457109815106e-14
56	5.76740582238717673542533984120610457109815106e-14
57	5.76740582238717673542533984120610457109815106e-14
58	5.76740582238717673542533984120610457109815106e-14
59	5.76740582238717673542533984120610457109815106e-14
60	5.76740582238717673542533984120610457109815106e-14
61	5.76740582238717673542533984120610457109815106e-14
62	5.76740582238717673542533984120610457109815106e-14
63	5.76740582238717673542533984120610457109815106e-14
64	5.76740582238717673542533984120610457109815106e-14
65	5.76740582238717673542533984120610457109815106e-14
66	5.76740582238717673542533984120610457109815106e-14
67	5.76740582238717673542533984120610457109815106e-14
68	5.76740582238717673542533984120610457109815106e-14
69	5.76740582238717673542533984120610457109815106e-14
70	5.76740582238717673542533984120610457109815106e-14
71	5.76740582238717673542533984120610457109815106e-14
72	5.76740582238717673542533984120610457109815106e-14
73	5.76740582238717673542533984120610457109815106e-14
74	5.76740582238717673542533984120610457109815106e-14
75	5.76740582238717673542533984120610457109815106e-14
76	5.76740582238717673542533984120610457109815106e-14
77	5.76740582238717673542533984120610457109815106e-14
78	5.76740582238717673542533984120610457109815106e-14
79	5.76740582238717673542533984120610457109815106e-14
80	5.76740582238717673542533984120610457109815106e-14
81	5.76740582238717673542533984120610457109815106e-14
82	5.76740582238717673542533984120610457109815106e-14
83	5.76740582238717673542533984120610457109815106e-14
84	5.76740582238717673542533984120610457109815106e-14
85	5.76740582238717673542533984120610457109815106e-14
86	5.76740582238717673542533984120610457109815106e-14
87	5.76740582238717673542533984120610457109815106e-14
88	5.76740582238717673542533984120610457109815106e-14
89	5.76740582238717673542533984120610457109815106e-14
90	5.76740582238717673542533984120610457109815106e-14
91	5.76740582238717673542533984120610457109815106e-14
92	5.76740582238717673542533984120610457109815106e-14
93	5.76740582238717673542533984120610457109815106e-14
94	5.76740582238717673542533984120610457109815106e-14
95	5.76740582238717673542533984120610457109815106e-14
96	5.76740582238717673542533984120610457109815106e-14
97	5.76740582238717673542533984120610457109815106e-14
98	5.76740582238717673542533984120610457109815106e-14
99	5.76740582238717673542533984120610457109815106e-14
100	5.76740582238717673542533984120610457109815106e-14
101	5.76740582238717673542533984120610457109815106e-14
102	5.76740582238717673542533984120610457109815106e-14
103	5.76740582238717673542533984120610457109815106e-14
104	5.76740582238717673542533984120610457109815106e-14
105	5.76740582238717673542533984120610457109815106e-14
106	5.76740582238717673542533984120610457109815106e-14
107	5.76740582238717673542533984120610457109815106e-14
108	5.76740582238717673542533984120610457109815106e-14
109	5.76740582238717673542533984120610457109815106e-14
110	5.76740582238717673542533984120610457109815106e-14
111	5.76740582238717673542533984120610457109815106e-14
112	5.76740582238717673542533984120610457109815106e-14
113	5.76740582238717673542533984120610457109815106e-14
114	5.76740582238717673542533984120610457109815106e-14
115	5.76740582238717673542533984120610457109815106e-14
116	5.76740582238717673542533984120610457109815106e-14
117	5.76740582238717673542533984120610457109815106e-14
118	5.76740582238717673542533984120610457109815106e-14
119	5.76740582238717673542533984120610457109815106e-14
120	5.76740582238717673542533984120610457109815106e-14
121	5.76740582238717673542533984120610457109815106e-14
122	5.76740582238717673542533984120610457109815106e-14
123	5.76740582238717673542533984120610457109815106e-14
124	5.76740582238717673542533984120610457109815106e-14
125	5.76740582238717673542533984120610457109815106e-14
126	5.76740582238717673542533984120610457109815106e-14
127	5.76740582238717673542533984120610457109815106e-14
128	5.76740582238717673542533984120610457109815106e-14
129	5.76740582238717673542533984120610457109815106e-14
130	5.76740582238717673542533984120610457109815106e-14
131	5.76740582238717673542533984120610457109815106e-14
132	5.76740582238717673542533984120610457109815106e-14
133	5.76740582238717673542533984120610457109815106e-14
134	5.76740582238717673542533984120610457109815106e-14
135	5.76740582238717673542533984120610457109815106e-14
136	5.76740582238717673542533984120610457109815106e-14
137	5.76740582238717673542533984120610457109815106e-14
138	5.76740582238717673542533984120610457109815106e-14
139	5.76740582238717673542533984120610457109815106e-14
140	5.76740582238717673542533984120610457109815106e-14
141	5.76740582238717673542533984120610457109815106e-14
142	5.76740582238717673542533984120610457109815106e-14
143	5.76740582238717673542533984120610457109815106e-14
144	5.76740582238717673542533984120610457109815106e-14
145	5.76740582238717673542533984120610457109815106e-14
146	5.76740582238717673542533984120610457109815106e-14
147	5.76740582238717673542533984120610457109815106e-14
148	5.76740582238717673542533984120610457109815106e-14
149	5.76740582238717673542533984120610457109815106e-14
150	5.76740582238717673542533984120610457109815106e-14
151	5.76740582238717673542533984120610457109815106e-14
152	5.76740582238717673542533984120610457109815106e-14
153	5.76740582238717673542533984120610457109815106e-14
154	5.76740582238717673542533984120610457109815106e-14
155	5.76740582238717673542533984120610457109815106e-14
156	5.76740582238717673542533984120610457109815106e-14
157	5.76740582238717673542533984120610457109815106e-14
158	5.76740582238717673542533984120610457109815106e-14
159	5.76740582238717673542533984120610457109815106e-14
160	5.76740582238717673542533984120610457109815106e-14
161	5.76740582238717673542533984120610457109815106e-14
162	5.76740582238717673542533984120610457109815106e-14
163	5.76740582238717673542533984120610457109815106e-14
164	5.76740582238717673542533984120610457109815106e-14
165	5.76740582238717673542533984120610457109815106e-14
166	5.76740582238717673542533984120610457109815106e-14
167	5.76740582238717673542533984120610457109815106e-14
168	5.76740582238717673542533984120610457109815106e-14
169	5.76740582238717673542533984120610457109815106e-14
170	5.76740582238717673542533984120610457109815106e-14
171	5.76740582238717673542533984120610457109815106e-14
172	5.76740582238717673542533984120610457109815106e-14
173	5.76740582238717673542533984120610457109815106e-14
174	5.76740582238717673542533984120610457109815106e-14
175	5.76740582238717673542533984120610457109815106e-14
176	5.76740582238717673542533984120610457109815106e-14
177	5.76740582238717673542533984120610457109815106e-14
178	5.76740582238717673542533984120610457109815106e-14
179	5.76740582238717673542533984120610457109815106e-14
180	5.76740582238717673542533984120610457109815106e-14
181	5.76740582238717673542533984120610457109815106e-14
182	5.76740582238717673542533984120610457109815106e-14
183	5.76740582238717673542533984120610457109815106e-14
184	5.76740582238717673542533984120610457109815106e-14
185	5.76740582238717673542533984120610457109815106e-14
186	5.76740582238717673542533984120610457109815106e-14
187	5.76740582238717673542533984120610457109815106e-14
188	5.76740582238717673542533984120610457109815106e-14
189	5.76740582238717673542533984120610457109815106e-14
190	5.76740582238717673542533984120610457109815106e-14
191	5.76740582238717673542533984120610457109815106e-14
192	5.76740582238717673542533984120610457109815106e-14
193	5.76740582238717673542533984120610457109815106e-14
194	5.76740582238717673542533984120610457109815106e-14
195	5.76740582238717673542533984120610457109815106e-14
196	5.76740582238717673542533984120610457109815106e-14
197	5.76740582238717673542533984120610457109815106e-14
198	5.76740582238717673542533984120610457109815106e-14
199	5.76740582238717673542533984120610457109815106e-14
200	5.76740582238717673542533984120610457109815106e-14
201	5.76740582238717673542533984120610457109815106e-14
202	5.76740582238717673542533984120610457109815106e-14
203	5.76740582238717673542533984120610457109815106e-14
204	5.76740582238717673542533984120610457109815106e-14
205	5.76740582238717673542533984120610457109815106e-14
206	5.76740582238717673542533984120610457109815106e-14
207	5.76740582238717673542533984120610457109815106e-14
208	5.76740582238717673542533984120610457109815106e-14
209	5.76740582238717673542533984120610457109815106e-14
210	5.76740582238717673542533984120610457109815106e-14
211	5.76740582238717673542533984120610457109815106e-14
212	5.76740582238717673542533984120610457109815106e-14
213	5.76740582238717673542533984120610457109815106e-14
214	5.76740582238717673542533984120610457109815106e-14
215	5.76740582238717673542533984120610457109815106e-14
216	5.76740582238717673542533984120610457109815106e-14
217	5.76740582238717673542533984120610457109815106e-14
218	5.76740582238717673542533984120610457109815106e-14
219	5.76740582238717673542533984120610457109815106e-14
220	5.76740582238717673542533984120610457109815106e-14
221	5.76740582238717673542533984120610457109815106e-14
222	5.76740582238717673542533984120610457109815106e-14
223	5.76740582238717673542533984120610457109815106e-14
224	5.76740582238717673542533984120610457109815106e-14
225	5.76740582238717673542533984120610457109815106e-14
226	5.76740582238717673542533984120610457109815106e-14
227	5.76740582238717673542533984120610457109815106e-14
228	5.76740582238717673542533984120610457109815106e-14
229	5.76740582238717673542533984120610457109815106e-14
230	5.76740582238717673542533984120610457109815106e-14
231	5.76740582238717673542533984120610457109815106e-14
232	5.76740582238717673542533984120610457109815106e-14
233	5.76740582238717673542533984120610457109815106e-14
234	5.76740582238717673542533984120610457109815106e-14
235	5.76740582238717673542533984120610457109815106e-14
236	5.76740582238717673542533984120610457109815106e-14
237	5.76740582238717673542533984120610457109815106e-14
238	5.76740582238717673542533984120610457109815106e-14
239	5.76740582238717673542533984120610457109815106e-14
240	5.76740582238717673542533984120610457109815106e-14
241	5.76740582238717673542533984120610457109815106e-14
242	5.76740582238717673542533984120610457109815106e-14
243	5.76740582238717673542533984120610457109815106e-14
244	5.76740582238717673542533984120610457109815106e-14
245	5.76740582238717673542533984120610457109815106e-14
246	5.76740582238717673542533984120610457109815106e-14
247	5.76740582238717673542533984120610457109815106e-14
248	5.76740582238717673542533984120610457109815106e-14
249	5.76740582238717673542533984120610457109815106e-14
250	5.76740582238717673542533984120610457109815106e-14
251	5.76740582238717673542533984120610457109815106e-14
252	5.76740582238717673542533984120610457109815106e-14
253	5.76740582238717673542533984120610457109815106e-14
254	5.76740582238717673542533984120610457109815106e-14
255	5.76740582238717673542533984120610457109815106e-14
256	5.76740582238717673542533984120610457109815106e-14
257	5.76740582238717673542533984120610457109815106e-14
258	5.76740582238717673542533984120610457109815106e-14
259	5.76740582238717673542533984120610457109815106e-14
260	5.76740582238717673542533984120610457109815106e-14
261	5.76740582238717673542533984120610457109815106e-14
262	5.76740582238717673542533984120610457109815106e-14
263	5.76740582238717673542533984120610457109815106e-14
264	5.76740582238717673542533984120610457109815106e-14
265	5.76740582238717673542533984120610457109815106e-14
266	5.76740582238717673542533984120610457109815106e-14
267	5.76740582238717673542533984120610457109815106e-14
268	5.76740582238717673542533984120610457109815106e-14
269	5.76740582238717673542533984120610457109815106e-14
270	5.76740582238717673542533984120610457109815106e-14
271	5.76740582238717673542533984120610457109815106e-14
272	5.76740582238717673542533984120610457109815106e-14
273	5.76740582238717673542533984120610457109815106e-14
274	5.76740582238717673542533984120610457109815106e-14
275	5.76740582238717673542533984120610457109815106e-14
276	5.76740582238717673542533984120610457109815106e-14
277	5.76740582238717673542533984120610457109815106e-14
278	5.76740582238717673542533984120610457109815106e-14
279	5.76740582238717673542533984120610457109815106e-14
280	5.76740582238717673542533984120610457109815106e-14
281	5.76740582238717673542533984120610457109815106e-14
282	5.76740582238717673542533984120610457109815106e-14
283	5.76740582238717673542533984120610457109815106e-14
284	5.76740582238717673542533984120610457109815106e-14
285	5.76740582238717673542533984120610457109815106e-14
286	5.76740582238717673542533984120610457109815106e-14
287	5.76740582238717673542533984120610457109815106e-14
288	5.76740582238717673542533984120610457109815106e-14
289	5.76740582238717673542533984120610457109815106e-14
290	5.76740582238717673542533984120610457109815106e-14
291	5.76740582238717673542533984120610457109815106e-14
292	5.76740582238717673542533984120610457109815106e-14
293	5.76740582238717673542533984120610457109815106e-14
294	5.76740582238717673542533984120610457109815106e-14
295	5.76740582238717673542533984120610457109815106e-14
296	5.76740582238717673542533984120610457109815106e-14
297	5.76740582238717673542533984120610457109815106e-14
298	5.76740582238717673542533984120610457109815106e-14
299	5.76740582238717673542533984120610457109815106e-14
300	5.76740582238717673542533984120610457109815106e-14
301	5.76740582238717673542533984120610457109815106e-14
302	5.76740582238717673542533984120610457109815106e-14
303	5.76740582238717673542533984120610457109815106e-14
304	5.76740582238717673542533984120610457109815106e-14
305	5.76740582238717673542533984120610457109815106e-14
306	5.76740582238717673542533984120610457109815106e-14
307	5.76740582238717673542533984120610457109815106e-14
308	5.76740582238717673542533984120610457109815106e-14
309	5.76740582238717673542533984120610457109815106e-14
310	5.76740582238717673542533984120610457109815106e-14
311	5.76740582238717673542533984120610457109815106e-14
312	5.76740582238717673542533984120610457109815106e-14
313	5.76740582238717673542533984120610457109815106e-14
314	5.76740582238717673542533984120610457109815106e-14
315	5.76740582238717673542533984120610457109815106e-14
316	5.76740582238717673542533984120610457109815106e-14
317	5.76740582238717673542533984120610457109815106e-14
318	5.76740582238717673542533984120610457109815106e-14
319	5.76740582238717673542533984120610457109815106e-14
320	5.76740582238717673542533984120610457109815106e-14
321	5.76740582238717673542533984120610457109815106e-14
322	5.76740582238717673542533984120610457109815106e-14
323	5.76740582238717673542533984120610457109815106e-14
324	5.76740582238717673542533984120610457109815106e-14
325	5.76740582238717673542533984120610457109815106e-14
326	5.76740582238717673542533984120610457109815106e-14
327	5.76740582238717673542533984120610457109815106e-14
328	5.76740582238717673542533984120610457109815106e-14
329	5.76740582238717673542533984120610457109815106e-14
330	5.76740582238717673542533984120610457109815106e-14
331	5.76740582238717673542533984120610457109815106e-14
332	5.76740582238717673542533984120610457109815106e-14
333	5.76740582238717673542533984120610457109815106e-14
334	5.76740582238717673542533984120610457109815106e-14
335	5.76740582238717673542533984120610457109815106e-14
336	5.76740582238717673542533984120610457109815106e-14
337	5.76740582238717673542533984120610457109815106e-14
338	5.76740582238717673542533984120610457109815106e-14
339	5.76740582238717673542533984120610457109815106e-14
340	5.76740582238717673542533984120610457109815106e-14
341	5.76740582238717673542533984120610457109815106e-14
342	5.76740582238717673542533984120610457109815106e-14
343	5.76740582238717673542533984120610457109815106e-14
344	5.76740582238717673542533984120610457109815106e-14
345	5.76740582238717673542533984120610457109815106e-14
346	5.76740582238717673542533984120610457109815106e-14
347	5.76740582238717673542533984120610457109815106e-14
348	5.76740582238717673542533984120610457109815106e-14
349	5.76740582238717673542533984120610457109815106e-14
350	5.76740582238717673542533984120610457109815106e-14
351	5.76740582238717673542533984120610457109815106e-14
352	5.76740582238717673542533984120610457109815106e-14
353	5.76740582238717673542533984120610457109815106e-14
354	5.76740582238717673542533984120610457109815106e-14
355	5.76740582238717673542533984120610457109815106e-14
356	5.76740582238717673542533984120610457109815106e-14
357	5.76740582238717673542533984120610457109815106e-14
358	5.76740582238717673542533984120610457109815106e-14
359	5.76740582238717673542533984120610457109815106e-14
360	5.76740582238717673542533984120610457109815106e-14
361	5.76740582238717673542533984120610457109815106e-14
362	5.76740582238717673542533984120610457109815106e-14
363	5.76740582238717673542533984120610457109815106e-14
364	5.76740582238717673542533984120610457109815106e-14
365	5.76740582238717673542533984120610457109815106e-14
366	5.76740582238717673542533984120610457109815106e-14
367	5.76740582238717673542533984120610457109815106e-14
368	5.76740582238717673542533984120610457109815106e-14
369	5.76740582238717673542533984120610457109815106e-14
370	5.76740582238717673542533984120610457109815106e-14
371	5.76740582238717673542533984120610457109815106e-14
372	5.76740582238717673542533984120610457109815106e-14
373	5.76740582238717673542533984120610457109815106e-14
374	5.76740582238717673542533984120610457109815106e-14
375	5.76740582238717673542533984120610457109815106e-14
376	5.76740582238717673542533984120610457109815106e-14
377	5.76740582238717673542533984120610457109815106e-14
378	5.76740582238717673542533984120610457109815106e-14
379	5.76740582238717673542533984120610457109815106e-14
380	5.76740582238717673542533984120610457109815106e-14
381	5.76740582238717673542533984120610457109815106e-14
382	5.76740582238717673542533984120610457109815106e-14
383	5.76740582238717673542533984120610457109815106e-14
384	5.76740582238717673542533984120610457109815106e-14
385	5.76740582238717673542533984120610457109815106e-14
386	5.76740582238717673542533984120610457109815106e-14
387	5.76740582238717673542533984120610457109815106e-14
388	5.76740582238717673542533984120610457109815106e-14
389	5.76740582238717673542533984120610457109815106e-14
390	5.76740582238717673542533984120610457109815106e-14
391	5.76740582238717673542533984120610457109815106e-14
392	5.76740582238717673542533984120610457109815106e-14
393	5.76740582238717673542533984120610457109815106e-14
394	5.76740582238717673542533984120610457109815106e-14
395	5.76740582238717673542533984120610457109815106e-14
396	5.76740582238717673542533984120610457109815106e-14
397	5.76740582238717673542533984120610457109815106e-14
398	5.76740582238717673542533984120610457109815106e-14
399	5.76740582238717673542533984120610457109815106e-14
400	5.76740582238717673542533984120610457109815106e-14
401	5.76740582238717673542533984120610457109815106e-14
402	5.76740582238717673542533984120610457109815106e-14
403	5.76740582238717673542533984120610457109815106e-14
404	5.76740582238717673542533984120610457109815106e-14
405	5.76740582238717673542533984120610457109815106e-14
406	5.76740582238717673542533984120610457109815106e-14
407	5.76740582238717673542533984120610457109815106e-14
408	5.76740582238717673542533984120610457109815106e-14
409	5.76740582238717673542533984120610457109815106e-14
410	5.76740582238717673542533984120610457109815106e-14
411	5.76740582238717673542533984120610457109815106e-14
412	5.76740582238717673542533984120610457109815106e-14
413	5.76740582238717673542533984120610457109815106e-14
414	5.76740582238717673542533984120610457109815106e-14
415	5.76740582238717673542533984120610457109815106e-14
416	5.76740582238717673542533984120610457109815106e-14
417	5.76740582238717673542533984120610457109815106e-14
418	5.76740582238717673542533984120610457109815106e-14
419	5.76740582238717673542533984120610457109815106e-14
420	5.76740582238717673542533984120610457109815106e-14
421	5.76740582238717673542533984120610457109815106e-14
422	5.76740582238717673542533984120610457109815106e-14
423	5.76740582238717673542533984120610457109815106e-14
424	5.76740582238717673542533984120610457109815106e-14
425	5.76740582238717673542533984120610457109815106e-14
426	5.76740582238717673542533984120610457109815106e-14
427	5.76740582238717673542533984120610457109815106e-14
428	5.76740582238717673542533984120610457109815106e-14
429	5.76740582238717673542533984120610457109815106e-14
430	5.76740582238717673542533984120610457109815106e-14
431	5.76740582238717673542533984120610457109815106e-14
432	5.76740582238717673542533984120610457109815106e-14
433	5.76740582238717673542533984120610457109815106e-14
434	5.76740582238717673542533984120610457109815106e-14
435	5.76740582238717673542533984120610457109815106e-14
436	5.76740582238717673542533984120610457109815106e-14
437	5.76740582238717673542533984120610457109815106e-14
438	5.76740582238717673542533984120610457109815106e-14
439	5.76740582238717673542533984120610457109815106e-14
440	5.76740582238717673542533984120610457109815106e-14
441	5.76740582238717673542533984120610457109815106e-14
442	5.76740582238717673542533984120610457109815106e-14
443	5.76740582238717673542533984120610457109815106e-14
444	5.76740582238717673542533984120610457109815106e-14
445	5.76740582238717673542533984120610457109815106e-14
446	5.76740582238717673542533984120610457109815106e-14
447	5.76740582238717673542533984120610457109815106e-14
448	5.76740582238717673542533984120610457109815106e-14
449	5.76740582238717673542533984120610457109815106e-14
450	5.76740582238717673542533984120610457109815106e-14
451	5.76740582238717673542533984120610457109815106e-14
452	5.76740582238717673542533984120610457109815106e-14
453	5.76740582238717673542533984120610457109815106e-14
454	5.76740582238717673542533984120610457109815106e-14
455	5.76740582238717673542533984120610457109815106e-14
456	5.76740582238717673542533984120610457109815106e-14
457	5.76740582238717673542533984120610457109815106e-14
458	5.76740582238717673542533984120610457109815106e-14
459	5.76740582238717673542533984120610457109815106e-14
460	5.76740582238717673542533984120610457109815106e-14
461	5.76740582238717673542533984120610457109815106e-14
462	5.76740582238717673542533984120610457109815106e-14
463	5.76740582238717673542533984120610457109815106e-14
464	5.76740582238717673542533984120610457109815106e-14
465	5.76740582238717673542533984120610457109815106e-14
466	5.76740582238717673542533984120610457109815106e-14
467	5.76740582238717673542533984120610457109815106e-14
468	5.76740582238717673542533984120610457109815106e-14
469	5.76740582238717673542533984120610457109815106e-14
470	5.76740582238717673542533984120610457109815106e-14
471	5.76740582238717673542533984120610457109815106e-14
472	5.76740582238717673542533984120610457109815106e-14
473	5.76740582238717673542533984120610457109815106e-14
474	5.76740582238717673542533984120610457109815106e-14
475	5.76740582238717673542533984120610457109815106e-14
476	5.76740582238717673542533984120610457109815106e-14
477	5.76740582238717673542533984120610457109815106e-14
478	5.76740582238717673542533984120610457109815106e-14
479	5.76740582238717673542533984120610457109815106e-14
480	5.76740582238717673542533984120610457109815106e-14
481	5.76740582238717673542533984120610457109815106e-14
482	5.76740582238717673542533984120610457109815106e-14
483	5.76740582238717673542533984120610457109815106e-14
484	5.76740582238717673542533984120610457109815106e-14
485	5.76740582238717673542533984120610457109815106e-14
486	5.76740582238717673542533984120610457109815106e-14
487	5.76740582238717673542533984120610457109815106e-14
488	5.76740582238717673542533984120610457109815106e-14
489	5.76740582238717673542533984120610457109815106e-14
490	5.76740582238717673542533984120610457109815106e-14
491	5.76740582238717673542533984120610457109815106e-14
492	5.76740582238717673542533984120610457109815106e-14
493	5.76740582238717673542533984120610457109815106e-14
494	5.76740582238717673542533984120610457109815106e-14
495	5.76740582238717673542533984120610457109815106e-14
496	5.76740582238717673542533984120610457109815106e-14
497	5.76740582238717673542533984120610457109815106e-14
498	5.76740582238717673542533984120610457109815106e-14
499	5.76740582238717673542533984120610457109815106e-14
500	5.76740582238717673542533984120610457109815106e-14
501	5.76740582238717673542533984120610457109815106e-14
502	5.76740582238717673542533984120610457109815106e-14
503	5.76740582238717673542533984120610457109815106e-14
504	5.76740582238717673542533984120610457109815106e-14
505	5.76740582238717673542533984120610457109815106e-14
506	5.76740582238717673542533984120610457109815106e-14
507	5.76740582238717673542533984120610457109815106e-14
508	5.76740582238717673542533984120610457109815106e-14
509	5.76740582238717673542533984120610457109815106e-14
510	5.76740582238717673542533984120610457109815106e-14
511	5.76740582238717673542533984120610457109815106e-14
512	5.76740582238717673542533984120610457109815106e-14
513	5.76740582238717673542533984120610457109815106e-14
514	5.76740582238717673542533984120610457109815106e-14
515	5.76740582238717673542533984120610457109815106e-14
516	5.76740582238717673542533984120610457109815106e-14
517	5.76740582238717673542533984120610457109815106e-14
518	5.76740582238717673542533984120610457109815106e-14
519	5.76740582238717673542533984120610457109815106e-14
520	5.76740582238717673542533984120610457109815106e-14
521	5.76740582238717673542533984120610457109815106e-14
522	5.76740582238717673542533984120610457109815106e-14
523	5.76740582238717673542533984120610457109815106e-14
524	5.76740582238717673542533984120610457109815106e-14
525	5.76740582238717673542533984120610457109815106e-14
526	5.76740582238717673542533984120610457109815106e-14
527	5.76740582238717673542533984120610457109815106e-14
528	5.76740582238717673542533984120610457109815106e-14
529	5.76740582238717673542533984120610457109815106e-14
530	5.76740582238717673542533984120610457109815106e-14
531	5.76740582238717673542533984120610457109815106e-14
532	5.76740582238717673542533984120610457109815106e-14
533	5.76740582238717673542533984120610457109815106e-14
534	5.76740582238717673542533984120610457109815106e-14
535	5.76740582238717673542533984120610457109815106e-14
536	5.76740582238717673542533984120610457109815106e-14
537	5.76740582238717673542533984120610457109815106e-14
538	5.76740582238717673542533984120610457109815106e-14
539	5.76740582238717673542533984120610457109815106e-14
540	5.76740582238717673542533984120610457109815106e-14
541	5.76740582238717673542533984120610457109815106e-14
542	5.76740582238717673542533984120610457109815106e-14
543	5.76740582238717673542533984120610457109815106e-14
544	5.76740582238717673542533984120610457109815106e-14
545	5.76740582238717673542533984120610457109815106e-14
546	5.76740582238717673542533984120610457109815106e-14
547	5.76740582238717673542533984120610457109815106e-14
548	5.76740582238717673542533984120610457109815106e-14
549	5.76740582238717673542533984120610457109815106e-14
550	5.76740582238717673542533984120610457109815106e-14
551	5.76740582238717673542533984120610457109815106e-14
552	5.76740582238717673542533984120610457109815106e-14
553	5.76740582238717673542533984120610457109815106e-14
554	5.76740582238717673542533984120610457109815106e-14
555	5.76740582238717673542533984120610457109815106e-14
556	5.76740582238717673542533984120610457109815106e-14
557	5.76740582238717673542533984120610457109815106e-14
558	5.76740582238717673542533984120610457109815106e-14
559	5.76740582238717673542533984120610457109815106e-14
560	5.76740582238717673542533984120610457109815106e-14
561	5.76740582238717673542533984120610457109815106e-14
562	5.76740582238717673542533984120610457109815106e-14
563	5.76740582238717673542533984120610457109815106e-14
564	5.76740582238717673542533984120610457109815106e-14
565	5.76740582238717673542533984120610457109815106e-14
566	5.76740582238717673542533984120610457109815106e-14
567	5.76740582238717673542533984120610457109815106e-14
568	5.76740582238717673542533984120610457109815106e-14
569	5.76740582238717673542533984120610457109815106e-14
570	5.76740582238717673542533984120610457109815106e-14
571	5.76740582238717673542533984120610457109815106e-14
572	5.76740582238717673542533984120610457109815106e-14
573	5.76740582238717673542533984120610457109815106e-14
574	5.76740582238717673542533984120610457109815106e-14
575	5.76740582238717673542533984120610457109815106e-14
576	5.76740582238717673542533984120610457109815106e-14
577	5.76740582238717673542533984120610457109815106e-14
578	5.76740582238717673542533984120610457109815106e-14
579	5.76740582238717673542533984120610457109815106e-14
580	5.76740582238717673542533984120610457109815106e-14
581	5.76740582238717673542533984120610457109815106e-14
582	5.76740582238717673542533984120610457109815106e-14
583	5.76740582238717673542533984120610457109815106e-14
584	5.76740582238717673542533984120610457109815106e-14
585	5.76740582238717673542533984120610457109815106e-14
586	5.76740582238717673542533984120610457109815106e-14
587	5.76740582238717673542533984120610457109815106e-14
588	5.76740582238717673542533984120610457109815106e-14
589	5.76740582238717673542533984120610457109815106e-14
590	5.76740582238717673542533984120610457109815106e-14
591	5.76740582238717673542533984120610457109815106e-14
592	5.76740582238717673542533984120610457109815106e-14
593	5.76740582238717673542533984120610457109815106e-14
594	5.76740582238717673542533984120610457109815106e-14
595	5.76740582238717673542533984120610457109815106e-14
596	5.76740582238717673542533984120610457109815106e-14
597	5.76740582238717673542533984120610457109815106e-14
598	5.76740582238717673542533984120610457109815106e-14
599	5.76740582238717673542533984120610457109815106e-14
600	5.76740582238717673542533984120610457109815106e-14
601	5.76740582238717673542533984120610457109815106e-14
602	5.76740582238717673542533984120610457109815106e-14
603	5.76740582238717673542533984120610457109815106e-14
604	5.76740582238717673542533984120610457109815106e-14
605	5.76740582238717673542533984120610457109815106e-14
606	5.76740582238717673542533984120610457109815106e-14
607	5.76740582238717673542533984120610457109815106e-14
608	5.76740582238717673542533984120610457109815106e-14
609	5.76740582238717673542533984120610457109815106e-14
610	5.76740582238717673542533984120610457109815106e-14
611	5.76740582238717673542533984120610457109815106e-14
612	5.76740582238717673542533984120610457109815106e-14
613	5.76740582238717673542533984120610457109815106e-14
614	5.76740582238717673542533984120610457109815106e-14
615	5.76740582238717673542533984120610457109815106e-14
616	5.76740582238717673542533984120610457109815106e-14
617	5.76740582238717673542533984120610457109815106e-14
618	5.76740582238717673542533984120610457109815106e-14
619	5.76740582238717673542533984120610457109815106e-14
620	5.76740582238717673542533984120610457109815106e-14
621	5.76740582238717673542533984120610457109815106e-14
622	5.76740582238717673542533984120610457109815106e-14
623	5.76740582238717673542533984120610457109815106e-14
624	5.76740582238717673542533984120610457109815106e-14
625	5.76740582238717673542533984120610457109815106e-14
626	5.76740582238717673542533984120610457109815106e-14
627	5.76740582238717673542533984120610457109815106e-14
628	5.76740582238717673542533984120610457109815106e-14
629	5.76740582238717673542533984120610457109815106e-14
630	5.76740582238717673542533984120610457109815106e-14
631	5.76740582238717673542533984120610457109815106e-14
632	5.76740582238717673542533984120610457109815106e-14
633	5.76740582238717673542533984120610457109815106e-14
634	5.76740582238717673542533984120610457109815106e-14
635	5.76740582238717673542533984120610457109815106e-14
636	5.76740582238717673542533984120610457109815106e-14
637	5.76740582238717673542533984120610457109815106e-14
638	5.76740582238717673542533984120610457109815106e-14
639	5.76740582238717673542533984120610457109815106e-14
640	5.76740582238717673542533984120610457109815106e-14
641	5.76740582238717673542533984120610457109815106e-14
642	5.76740582238717673542533984120610457109815106e-14
643	5.76740582238717673542533984120610457109815106e-14
644	5.76740582238717673542533984120610457109815106e-14
645	5.76740582238717673542533984120610457109815106e-14
646	5.76740582238717673542533984120610457109815106e-14
647	5.76740582238717673542533984120610457109815106e-14
648	5.76740582238717673542533984120610457109815106e-14
649	5.76740582238717673542533984120610457109815106e-14
650	5.76740582238717673542533984120610457109815106e-14
651	5.76740582238717673542533984120610457109815106e-14
652	5.76740582238717673542533984120610457109815106e-14
653	5.76740582238717673542533984120610457109815106e-14
654	5.76740582238717673542533984120610457109815106e-14
655	5.76740582238717673542533984120610457109815106e-14
656	5.76740582238717673542533984120610457109815106e-14
657	5.76740582238717673542533984120610457109815106e-14
658	5.76740582238717673542533984120610457109815106e-14
659	5.76740582238717673542533984120610457109815106e-14
660	5.76740582238717673542533984120610457109815106e-14
661	5.76740582238717673542533984120610457109815106e-14
662	5.76740582238717673542533984120610457109815106e-14
663	5.76740582238717673542533984120610457109815106e-14
664	5.76740582238717673542533984120610457109815106e-14
665	5.76740582238717673542533984120610457109815106e-14
666	5.76740582238717673542533984120610457109815106e-14
667	5.76740582238717673542533984120610457109815106e-14
668	5.76740582238717673542533984120610457109815106e-14
669	5.76740582238717673542533984120610457109815106e-14
670	5.76740582238717673542533984120610457109815106e-14
671	5.76740582238717673542533984120610457109815106e-14
672	5.76740582238717673542533984120610457109815106e-14
673	5.76740582238717673542533984120610457109815106e-14
674	5.76740582238717673542533984120610457109815106e-14
675	5.76740582238717673542533984120610457109815106e-14
676	5.76740582238717673542533984120610457109815106e-14
677	5.76740582238717673542533984120610457109815106e-14
678	5.76740582238717673542533984120610457109815106e-14
679	5.76740582238717673542533984120610457109815106e-14
680	5.76740582238717673542533984120610457109815106e-14
681	5.76740582238717673542533984120610457109815106e-14
682	5.76740582238717673542533984120610457109815106e-14
683	5.76740582238717673542533984120610457109815106e-14
684	5.76740582238717673542533984120610457109815106e-14
685	5.76740582238717673542533984120610457109815106e-14
686	5.76740582238717673542533984120610457109815106e-14
687	5.76740582238717673542533984120610457109815106e-14
688	5.76740582238717673542533984120610457109815106e-14
689	5.76740582238717673542533984120610457109815106e-14
690	5.76740582238717673542533984120610457109815106e-14
691	5.76740582238717673542533984120610457109815106e-14
692	5.76740582238717673542533984120610457109815106e-14
693	5.76740582238717673542533984120610457109815106e-14
694	5.76740582238717673542533984120610457109815106e-14
695	5.76740582238717673542533984120610457109815106e-14
696	5.76740582238717673542533984120610457109815106e-14
697	5.76740582238717673542533984120610457109815106e-14
698	5.76740582238717673542533984120610457109815106e-14
699	5.76740582238717673542533984120610457109815106e-14
700	5.76740582238717673542533984120610457109815106e-14
701	5.76740582238717673542533984120610457109815106e-14
702	5.76740582238717673542533984120610457109815106e-14
703	5.76740582238717673542533984120610457109815106e-14
704	5.76740582238717673542533984120610457109815106e-14
705	5.76740582238717673542533984120610457109815106e-14
706	5.76740582238717673542533984120610457109815106e-14
707	5.76740582238717673542533984120610457109815106e-14
708	5.76740582238717673542533984120610457109815106e-14
709	5.76740582238717673542533984120610457109815106e-14
710	5.76740582238717673542533984120610457109815106e-14
711	5.76740582238717673542533984120610457109815106e-14
712	5.76740582238717673542533984120610457109815106e-14
713	5.76740582238717673542533984120610457109815106e-14
714	5.76740582238717673542533984120610457109815106e-14
715	5.76740582238717673542533984120610457109815106e-14
716	5.76740582238717673542533984120610457109815106e-14
717	5.76740582238717673542533984120610457109815106e-14
718	5.76740582238717673542533984120610457109815106e-14
719	5.76740582238717673542533984120610457109815106e-14
720	5.76740582238717673542533984120610457109815106e-14
721	5.76740582238717673542533984120610457109815106e-14
722	5.76740582238717673542533984120610457109815106e-14
723	5.76740582238717673542533984120610457109815106e-14
724	5.76740582238717673542533984120610457109815106e-14
725	5.76740582238717673542533984120610457109815106e-14
726	5.76740582238717673542533984120610457109815106e-14
727	5.76740582238717673542533984120610457109815106e-14
728	5.76740582238717673542533984120610457109815106e-14
729	5.76740582238717673542533984120610457109815106e-14
730	5.76740582238717673542533984120610457109815106e-14
731	5.76740582238717673542533984120610457109815106e-14
732	5.76740582238717673542533984120610457109815106e-14
733	5.76740582238717673542533984120610457109815106e-14
734	5.76740582238717673542533984120610457109815106e-14
735	5.76740582238717673542533984120610457109815106e-14
736	5.76740582238717673542533984120610457109815106e-14
737	5.76740582238717673542533984120610457109815106e-14
738	5.76740582238717673542533984120610457109815106e-14
739	5.76740582238717673542533984120610457109815106e-14
740	5.76740582238717673542533984120610457109815106e-14
741	5.76740582238717673542533984120610457109815106e-14
742	5.76740582238717673542533984120610457109815106e-14
743	5.76740582238717673542533984120610457109815106e-14
744	5.76740582238717673542533984120610457109815106e-14
745	5.76740582238717673542533984120610457109815106e-14
746	5.76740582238717673542533984120610457109815106e-14
747	5.76740582238717673542533984120610457109815106e-14
748	5.76740582238717673542533984120610457109815106e-14
749	5.76740582238717673542533984120610457109815106e-14
750	5.76740582238717673542533984120610457109815106e-14
751	5.76740582238717673542533984120610457109815106e-14
752	5.76740582238717673542533984120610457109815106e-14
753	5.76740582238717673542533984120610457109815106e-14
754	5.76740582238717673542533984120610457109815106e-14
755	5.76740582238717673542533984120610457109815106e-14
756	5.76740582238717673542533984120610457109815106e-14
757	5.76740582238717673542533984120610457109815106e-14
758	5.76740582238717673542533984120610457109815106e-14
759	5.76740582238717673542533984120610457109815106e-14
760	5.76740582238717673542533984120610457109815106e-14
761	5.76740582238717673542533984120610457109815106e-14
762	5.76740582238717673542533984120610457109815106e-14
763	5.76740582238717673542533984120610457109815106e-14
764	5.76740582238717673542533984120610457109815106e-14
765	5.76740582238717673542533984120610457109815106e-14
766	5.76740582238717673542533984120610457109815106e-14
767	5.76740582238717673542533984120610457109815106e-14
768	5.76740582238717673542533984120610457109815106e-14
769	5.76740582238717673542533984120610457109815106e-14
770	5.76740582238717673542533984120610457109815106e-14
771	5.76740582238717673542533984120610457109815106e-14
772	5.76740582238717673542533984120610457109815106e-14
773	5.76740582238717673542533984120610457109815106e-14
774	5.76740582238717673542533984120610457109815106e-14
775	5.76740582238717673542533984120610457109815106e-14
776	5.76740582238717673542533984120610457109815106e-14
777	5.76740582238717673542533984120610457109815106e-14
778	5.76740582238717673542533984120610457109815106e-14
779	5.76740582238717673542533984120610457109815106e-14
780	5.76740582238717673542533984120610457109815106e-14
781	5.76740582238717673542533984120610457109815106e-14
782	5.76740582238717673542533984120610457109815106e-14
783	5.76740582238717673542533984120610457109815106e-14
784	5.76740582238717673542533984120610457109815106e-14
785	5.76740582238717673542533984120610457109815106e-14
786	5.76740582238717673542533984120610457109815106e-14
787	5.76740582238717673542533984120610457109815106e-14
788	5.76740582238717673542533984120610457109815106e-14
789	5.76740582238717673542533984120610457109815106e-14
790	5.76740582238717673542533984120610457109815106e-14
791	5.76740582238717673542533984120610457109815106e-14
792	5.76740582238717673542533984120610457109815106e-14
793	5.76740582238717673542533984120610457109815106e-14
794	5.76740582238717673542533984120610457109815106e-14
795	5.76740582238717673542533984120610457109815106e-14
796	5.76740582238717673542533984120610457109815106e-14
797	5.76740582238717673542533984120610457109815106e-14
798	5.76740582238717673542533984120610457109815106e-14
799	5.76740582238717673542533984120610457109815106e-14
800	5.76740582238717673542533984120610457109815106e-14
801	5.76740582238717673542533984120610457109815106e-14
802	5.76740582238717673542533984120610457109815106e-14
803	5.76740582238717673542533984120610457109815106e-14
804	5.76740582238717673542533984120610457109815106e-14
805	5.76740582238717673542533984120610457109815106e-14
806	5.76740582238717673542533984120610457109815106e-14
807	5.76740582238717673542533984120610457109815106e-14
808	5.76740582238717673542533984120610457109815106e-14
809	5.76740582238717673542533984120610457109815106e-14
810	5.76740582238717673542533984120610457109815106e-14
811	5.76740582238717673542533984120610457109815106e-14
812	5.76740582238717673542533984120610457109815106e-14
813	5.76740582238717673542533984120610457109815106e-14
814	5.76740582238717673542533984120610457109815106e-14
815	5.76740582238717673542533984120610457109815106e-14
816	5.76740582238717673542533984120610457109815106e-14
817	5.76740582238717673542533984120610457109815106e-14
818	5.76740582238717673542533984120610457109815106e-14
819	5.76740582238717673542533984120610457109815106e-14
820	5.76740582238717673542533984120610457109815106e-14
821	5.76740582238717673542533984120610457109815106e-14
822	5.76740582238717673542533984120610457109815106e-14
823	5.76740582238717673542533984120610457109815106e-14
824	5.76740582238717673542533984120610457109815106e-14
825	5.76740582238717673542533984120610457109815106e-14
826	5.76740582238717673542533984120610457109815106e-14
827	5.76740582238717673542533984120610457109815106e-14
828	5.76740582238717673542533984120610457109815106e-14
829	5.76740582238717673542533984120610457109815106e-14
830	5.76740582238717673542533984120610457109815106e-14
831	5.76740582238717673542533984120610457109815106e-14
832	5.76740582238717673542533984120610457109815106e-14
833	5.76740582238717673542533984120610457109815106e-14
834	5.76740582238717673542533984120610457109815106e-14
835	5.76740582238717673542533984120610457109815106e-14
836	5.76740582238717673542533984120610457109815106e-14
837	5.76740582238717673542533984120610457109815106e-14
838	5.76740582238717673542533984120610457109815106e-14
839	5.76740582238717673542533984120610457109815106e-14
840	5.76740582238717673542533984120610457109815106e-14
841	5.76740582238717673542533984120610457109815106e-14
842	5.76740582238717673542533984120610457109815106e-14
843	5.76740582238717673542533984120610457109815106e-14
844	5.76740582238717673542533984120610457109815106e-14
845	5.76740582238717673542533984120610457109815106e-14
846	5.76740582238717673542533984120610457109815106e-14
847	5.76740582238717673542533984120610457109815106e-14
848	5.76740582238717673542533984120610457109815106e-14
849	5.76740582238717673542533984120610457109815106e-14
850	5.76740582238717673542533984120610457109815106e-14
851	5.76740582238717673542533984120610457109815106e-14
852	5.76740582238717673542533984120610457109815106e-14
853	5.76740582238717673542533984120610457109815106e-14
854	5.76740582238717673542533984120610457109815106e-14
855	5.76740582238717673542533984120610457109815106e-14
856	5.76740582238717673542533984120610457109815106e-14
857	5.76740582238717673542533984120610457109815106e-14
858	5.76740582238717673542533984120610457109815106e-14
859	5.76740582238717673542533984120610457109815106e-14
860	5.76740582238717673542533984120610457109815106e-14
861	5.76740582238717673542533984120610457109815106e-14
862	5.76740582238717673542533984120610457109815106e-14
863	5.76740582238717673542533984120610457109815106e-14
864	5.76740582238717673542533984120610457109815106e-14
865	5.76740582238717673542533984120610457109815106e-14
866	5.76740582238717673542533984120610457109815106e-14
867	5.76740582238717673542533984120610457109815106e-14
868	5.76740582238717673542533984120610457109815106e-14
869	5.76740582238717673542533984120610457109815106e-14
870	5.76740582238717673542533984120610457109815106e-14
871	5.76740582238717673542533984120610457109815106e-14
872	5.76740582238717673542533984120610457109815106e-14
873	5.76740582238717673542533984120610457109815106e-14
874	5.76740582238717673542533984120610457109815106e-14
875	5.76740582238717673542533984120610457109815106e-14
876	5.76740582238717673542533984120610457109815106e-14
877	5.76740582238717673542533984120610457109815106e-14
878	5.76740582238717673542533984120610457109815106e-14
879	5.76740582238717673542533984120610457109815106e-14
880	5.76740582238717673542533984120610457109815106e-14
881	5.76740582238717673542533984120610457109815106e-14
882	5.76740582238717673542533984120610457109815106e-14
883	5.76740582238717673542533984120610457109815106e-14
884	5.76740582238717673542533984120610457109815106e-14
885	5.76740582238717673542533984120610457109815106e-14
886	5.76740582238717673542533984120610457109815106e-14
887	5.76740582238717673542533984120610457109815106e-14
888	5.76740582238717673542533984120610457109815106e-14
889	5.76740582238717673542533984120610457109815106e-14
890	5.76740582238717673542533984120610457109815106e-14
891	5.76740582238717673542533984120610457109815106e-14
892	5.76740582238717673542533984120610457109815106e-14
893	5.76740582238717673542533984120610457109815106e-14
894	5.76740582238717673542533984120610457109815106e-14
895	5.76740582238717673542533984120610457109815106e-14
896	5.76740582238717673542533984120610457109815106e-14
897	5.76740582238717673542533984120610457109815106e-14
898	5.76740582238717673542533984120610457109815106e-14
899	5.76740582238717673542533984120610457109815106e-14
900	5.76740582238717673542533984120610457109815106e-14
901	5.76740582238717673542533984120610457109815106e-14
902	5.76740582238717673542533984120610457109815106e-14
903	5.76740582238717673542533984120610457109815106e-14
904	5.76740582238717673542533984120610457109815106e-14
905	5.76740582238717673542533984120610457109815106e-14
906	5.76740582238717673542533984120610457109815106e-14
907	5.76740582238717673542533984120610457109815106e-14
908	5.76740582238717673542533984120610457109815106e-14
909	5.76740582238717673542533984120610457109815106e-14
910	5.76740582238717673542533984120610457109815106e-14
911	5.76740582238717673542533984120610457109815106e-14
912	5.76740582238717673542533984120610457109815106e-14
913	5.76740582238717673542533984120610457109815106e-14
914	5.76740582238717673542533984120610457109815106e-14
915	5.76740582238717673542533984120610457109815106e-14
916	5.76740582238717673542533984120610457109815106e-14
917	5.76740582238717673542533984120610457109815106e-14
918	5.76740582238717673542533984120610457109815106e-14
919	5.76740582238717673542533984120610457109815106e-14
920	5.76740582238717673542533984120610457109815106e-14
921	5.76740582238717673542533984120610457109815106e-14
922	5.76740582238717673542533984120610457109815106e-14
923	5.76740582238717673542533984120610457109815106e-14
924	5.76740582238717673542533984120610457109815106e-14
925	5.76740582238717673542533984120610457109815106e-14
926	5.76740582238717673542533984120610457109815106e-14
927	5.76740582238717673542533984120610457109815106e-14
928	5.76740582238717673542533984120610457109815106e-14
929	5.76740582238717673542533984120610457109815106e-14
930	5.76740582238717673542533984120610457109815106e-14
931	5.76740582238717673542533984120610457109815106e-14
932	5.76740582238717673542533984120610457109815106e-14
933	5.76740582238717673542533984120610457109815106e-14
934	5.76740582238717673542533984120610457109815106e-14
935	5.76740582238717673542533984120610457109815106e-14
936	5.76740582238717673542533984120610457109815106e-14
937	5.76740582238717673542533984120610457109815106e-14
938	5.76740582238717673542533984120610457109815106e-14
939	5.76740582238717673542533984120610457109815106e-14
940	5.76740582238717673542533984120610457109815106e-14
941	5.76740582238717673542533984120610457109815106e-14
942	5.76740582238717673542533984120610457109815106e-14
943	5.76740582238717673542533984120610457109815106e-14
944	5.76740582238717673542533984120610457109815106e-14
945	5.76740582238717673542533984120610457109815106e-14
946	5.76740582238717673542533984120610457109815106e-14
947	5.76740582238717673542533984120610457109815106e-14
948	5.76740582238717673542533984120610457109815106e-14
949	5.76740582238717673542533984120610457109815106e-14
950	5.76740582238717673542533984120610457109815106e-14
951	5.76740582238717673542533984120610457109815106e-14
952	5.76740582238717673542533984120610457109815106e-14
953	5.76740582238717673542533984120610457109815106e-14
954	5.76740582238717673542533984120610457109815106e-14
955	5.76740582238717673542533984120610457109815106e-14
956	5.76740582238717673542533984120610457109815106e-14
957	5.76740582238717673542533984120610457109815106e-14
958	5.76740582238717673542533984120610457109815106e-14
959	5.76740582238717673542533984120610457109815106e-14
960	5.76740582238717673542533984120610457109815106e-14
961	5.76740582238717673542533984120610457109815106e-14
962	5.76740582238717673542533984120610457109815106e-14
963	5.76740582238717673542533984120610457109815106e-14
964	5.76740582238717673542533984120610457109815106e-14
965	5.76740582238717673542533984120610457109815106e-14
966	5.76740582238717673542533984120610457109815106e-14
967	5.76740582238717673542533984120610457109815106e-14
968	5.76740582238717673542533984120610457109815106e-14
969	5.76740582238717673542533984120610457109815106e-14
970	5.76740582238717673542533984120610457109815106e-14
971	5.76740582238717673542533984120610457109815106e-14
972	5.76740582238717673542533984120610457109815106e-14
973	5.76740582238717673542533984120610457109815106e-14
974	5.76740582238717673542533984120610457109815106e-14
975	5.76740582238717673542533984120610457109815106e-14
976	5.76740582238717673542533984120610457109815106e-14
977	5.76740582238717673542533984120610457109815106e-14
978	5.76740582238717673542533984120610457109815106e-14
979	5.76740582238717673542533984120610457109815106e-14
980	5.76740582238717673542533984120610457109815106e-14
981	5.76740582238717673542533984120610457109815106e-14
982	5.76740582238717673542533984120610457109815106e-14
983	5.76740582238717673542533984120610457109815106e-14
984	5.76740582238717673542533984120610457109815106e-14
985	5.76740582238717673542533984120610457109815106e-14
986	5.76740582238717673542533984120610457109815106e-14
987	5.76740582238717673542533984120610457109815106e-14
988	5.76740582238717673542533984120610457109815106e-14
989	5.76740582238717673542533984120610457109815106e-14
990	5.76740582238717673542533984120610457109815106e-14
991	5.76740582238717673542533984120610457109815106e-14
992	5.76740582238717673542533984120610457109815106e-14
993	5.76740582238717673542533984120610457109815106e-14
994	5.76740582238717673542533984120610457109815106e-14
995	5.76740582238717673542533984120610457109815106e-14
996	5.76740582238717673542533984120610457109815106e-14
997	5.76740582238717673542533984120610457109815106e-14
998	5.76740582238717673542533984120610457109815106e-14
999	5.76740582238717673542533984120610457109815106e-14
1000	5.76740582238717673542533984120610457109815106e-14
