1	-0.27323954473516265384347434519440867006778717
2	0.151173636843218772707331254423479549586772919
3	-0.103474272103799252997546886945201549679040909
4	0.0784170914297902255096772705655894242227077484
5	-0.0630539690963067833706645615166053175926208496
6	0.0526950804250568421993605738862243015319108963
7	-0.0452464230160955910298170579153520520776510239
8	0.039636213299577088831071591812360566109418869
9	-0.0352602305083417194575545750012679491192102432
10	0.0317523771092822204575867317544179968535900116
11	-0.0288780774019022079546203940481063909828662872
12	0.0264801636735364984143181743547756923362612724
13	-0.0244494181158598777869883633684366941452026367
14	0.0227076020594997665669190212156536290422081947
15	-0.0211972098278934290016550789914617780596017838
16	0.0198750335506590325440612332386081106960773468
17	-0.0187079829564320149204448284763202536851167679
18	0.0176702897502822656172760673598531866446137428
19	-0.0167415898371242460873631330287025775760412216
20	0.015905577976593233968660712207565666176378727
21	-0.0151490450656995602474186313202153542079031467
22	0.0144611769048788828262441796823623008094727993
23	-0.0138330352003332816834824114948787610046565533
24	0.0132571678791378808059953087195026455447077751
25	-0.0127273126256554486301908468703913968056440353
26	0.0122381686436568506981537041156116174533963203
27	-0.0117852189928276569752529923107431386597454548
28	0.0113645909114450660570838635976542718708515167
29	-0.0109729449610660931280214924754545791074633598
30	0.0106073863056236061819248561732820235192775726
31	-0.0102653931162346445660205063177272677421569824
32	0.00994475838749350055101317025219032075256109238
33	-0.00964354230070803633556586476061056600883603096
34	0.00936003299383339482098165262868860736489295959
35	-0.00909271403131283947884888618773402413353323936
36	0.00884023730296993465183064131451828870922327042
37	-0.00860140029614138434954639933494036085903644562
38	0.00837512696696058114853578047132032224908471107
39	-0.00816045153607326823053114139838726259768009186
40	0.00795650472636782665758481414286507060751318932
41	-0.00776250199873395989313973331036322633735835552
42	0.00757773347997372885564981714878740604035556316
43	-0.00740155528160279727045711695154750486835837364
44	0.00723338201418287363164694170336588285863399506
45	-0.00707268028621139965839148544546333141624927521
46	0.00691896306250398482329266869328421307727694511
47	-0.00677178473033477473785879396928066853433847427
48	0.00663073679317915769260149971842110971920192242
49	-0.00649544408034750941904889032230130396783351898
50	0.00636556142199204942622170477761756046675145626
51	-0.00624077070408398000556093876411978271789848804
52	0.00612077827390412020081011945649152039550244808
53	-0.00600531262830381745709829033330606762319803238
54	0.00589412236921159869706965395153019926510751247
55	-0.0057869743714527351746701455681431980337947607
56	0.0056836521576707037251008358680337551049888134
57	-0.00558395443287233034235228501529491040855646133
58	0.00548769378221541058449073346992008737288415432
59	-0.00539469548901168674537309755123715149238705635
60	0.0053047964835481447448684022560883022379130125
61	-0.00521784438201556254044444216333431540988385677
62	0.00513369663208203610982316433819505618885159492
63	-0.00505221972577552490279995112132382928393781185
64	0.00497328850048331730371309333804674679413437843
65	-0.00489678548970949763241566898841483634896576405
66	0.00482260034794471624530753928183912648819386959
67	-0.0047506293116874147297590269545253249816596508
68	0.00468077472335918197410276064829304232262074947
69	-0.00461294458127519367562907603996791294775903225
70	0.00454705214342570988861336189756912062875926495
71	-0.00448301554971324879572680544015383929945528507
72	0.00442075749036519895229790932944524683989584446
73	-0.00436020488708448866743694338765635620802640915
74	0.00430128861451328607656829916550123016349971294
75	-0.0042439432293322927602918781531116110272705555
76	0.00418810673580099525337150367931826622225344181
77	-0.00413372035393961591298594981935821124352514744
78	0.00408072832176363878287084219209646107628941536
79	-0.00402907769563657335021300553989931358955800533
80	0.00397871818319159645249705192782130325213074684
81	-0.00392960197042699528602316405567762558348476887
82	0.00388168358006772337698286889917653752490878105
83	-0.00383491972135048628939069104148984479252249002
84	0.00378926916926557860731961113742727320641279221
85	-0.00374469263388329219599537367457742220722138882
86	0.00370115265692963664456716088579923962242901325
87	-0.00365861349754193973526916749960946617648005486
88	0.00361704104379006064623469640650910150725394487
89	-0.00357640271171285988038857084347910131327807903
90	0.00353666737059071551591005189152383536566048861
91	-0.00349780525222309797428454913870154996402561665
92	0.00345978788839631894169723835830154712311923504
93	-0.00342258802906327073284353801341239886824041605
94	0.00338617958983514991816443640004763437900692225
95	-0.00335053757805010669901246700419505941681563854
96	0.00331563804880524726215185182809364050626754761
97	-0.00328145803790093944923844659911082999315112829
98	0.00324797552482084406905160633982632134575396776
99	-0.00321516937226236452357364115073323773685842752
100	0.00318301929472577203872329931755302823148667812
101	-0.00315150580340042407029299553755663509946316481
102	0.00312061018050772010640203646403278980869799852
103	-0.0030903144279508390837585274368848331505432725
104	0.00306060124708584357228202676992623310070484877
105	-0.00303145399084542733342262366136310447473078966
106	0.00300285664770778750604085516329178062733262777
107	-0.00297479379700488731630425576213383465074002743
108	0.00294725059708908932593063312310732726473361254
109	-0.00292021274266793251506157957919640466570854187
110	0.00289366645702377866394838790142785001080483198
111	-0.00286759845123034633890268807476786605548113585
112	0.00284199591977399648734525783311255509033799171
113	-0.00281684650121777346853946255578193813562393188
114	0.00279213827733289232657654110880685038864612579
115	-0.00276785973455890167010950975168270815629512072
116	0.00274399976642825723510688007422686496283859015
117	-0.00272054763582260574622528892518857901450246572
118	0.00269749298003905697146409536912869953084737062
119	-0.00267482577405972477002649156929692253470420837
120	0.00265253633778925364261613850658250157721340656
121	-0.00263061530004811503641315439949721621815115213
122	0.00260905360830708445835091069398004037793725729
123	-0.00258784249260815644305688820736577326897531748
124	0.00256697347797690909182444229941211233381181955
125	-0.00254643834819867371371815423231055319774895906
126	0.00252622916069165145275254857892832660581916571
127	-0.00250633820977645867256189404770339024253189564
128	0.0024867580440823830803531713229403976583853364
129	-0.00246748142952742284539358053052637842483818531
130	0.00244850136864248855983472452635396621190011501
131	-0.00242981106326194302991172691008614492602646351
132	0.00241140393572955753775932663529601995833218098
133	-0.00239327359151668157127845759646334045100957155
134	0.00237541384194807619206768478647973097395151854
135	-0.00235781866631345603940728139491511683445423841
136	0.00234048223676458586745008361162945220712572336
137	-0.00232339887941356276063187280556121550034731627
138	0.00230656310143736303919226315883861389011144638
139	-0.00228996955101811935917588414213241776451468468
140	0.00227361304658273751660990669165585131850093603
141	-0.00225748853609179529061679048140831582713872194
142	0.00224159112725622836764793888164604140911251307
143	-0.00222591604718810291002606405186270421836525202
144	0.00221045867312393007342308237639372237026691437
145	-0.00219521449200306244253777521180381882004439831
146	0.0021801791324937641949888167403059924254193902
147	-0.00216534832392023014746573750244351685978472233
148	0.00215071792941047210123706179274449823424220085
149	-0.00213628390467858909201881445483195420820266008
150	0.00212204233186021572199475571096627390943467617
151	-0.002107989378222419746267135565176431555300951
152	0.0020941213304695900643270789487360161729156971
153	-0.00208043455388758503216140027802794065792113543
154	0.0020669255266496187189995126232133770827203989
155	-0.0020535907993222890163820260056581901153549552
156	0.00204042702938858882405481764976684644352644682
157	-0.00202743094097105735346131538676672789733856916
158	0.00201459935975285917703070381890029239002615213
159	-0.00200192917248380626571435669802667689509689808
160	0.00198941736273375649468597714530915254727005959
161	-0.00197706096974725655662785683830406924244016409
162	0.00196485712539112844510214017645921558141708374
163	-0.00195280301221299138619835744634656293783336878
164	0.00194089590132972373767716867121180257527157664
165	-0.00192913310997935676105452529327521915547549725
166	0.00191751204027804144150448628636240755440667272
167	-0.00190603013604818873755197827790652809198945761
168	0.00189468492284200441463926090079894493101164699
169	-0.00188347396361162504677122520035936759086325765
170	0.00187239489989065709812932070121860306244343519
171	-0.00186144540724718626084621675431662879418581724
172	0.00185062323628437880654318270501335064182057977
173	-0.00183992616874486874731231544899401342263445258
174	0.00182935205814948329341995680863419693196192384
175	-0.00181889878633588073994498124363872193498536944
176	0.00180856430406108915909246803721543983556330204
177	-0.00179834658754014341947025101831059146206825972
178	0.00178824367930193687398210400374409800861030817
179	-0.00177825364487261107851456820583280205028131604
180	0.00176837461341428038227863162035191635368391871
181	-0.00175860473484267280583348558309353393269702792
182	0.00174894222032110453410314043765083624748513103
183	-0.00173938529945049692726488643756965757347643375
184	0.00172993226112522647391900321167668153066188097
185	-0.001720581410216514509775587171702682098839432
186	0.00171133110926059359147011207369359908625483513
187	-0.00170217973449072025940442820512998878257349133
188	0.00169312571810434223454344682124883547658100724
189	-0.00168416750393323528742217654041724017588421702
190	0.00167530359032586192644109779337213694816455245
191	-0.00166653248509375257607745268728649534750729799
192	0.00165785274918999478779846334930425655329599977
193	-0.00164926295136611248889901837344496016157791018
194	0.00164076171203149248981056906870890088612213731
195	-0.00163234765740363774177978939405875280499458313
196	0.00162401946467034905691173563013762759510427713
197	-0.00161577581454772209110237746187976881628856063
198	0.00160761543792602200689256797261350584449246526
199	-0.00159953706770392823505178014897865068633109331
200	0.00159153948550678223453069826121009100461378694
201	-0.00158362147388271161732586911341513769002631307
202	0.00157578186291231457649697489387108362279832363
203	-0.00156801948204290508143143867414437409024685621
204	0.00156033320771145362498844022525190666783601046
205	-0.00155272191387607763971012708736907370621338487
206	0.00154518452097792248836616302298807568149641156
207	-0.00153771994567652569435578513434847991447895765
208	0.00153032715006501179519360356096058239927515388
209	-0.00152300509147783097105288696582192642381414771
210	0.0015157527718507035618955569589161314070224762
211	-0.00150856918709410883772115141709946328774094582
212	0.00150145337728554463530006302107722149230539799
213	-0.00149440437502976067665749759783011541003361344
214	0.00148742125666427495861432461765616608317941427
215	-0.00148050308996822838070173133928619790822267532
216	0.00147364898598308915675381136622945632552728057
217	-0.00146685804570825546050416576804309443105012178
218	0.00146012941344164084642165413185921352123841643
219	-0.00145346222210014598338889690865016746101900935
220	0.00144685564742874812893536073943323572166264057
221	-0.00144030885310384403064087877055499120615422726
222	0.00143382104468903074159791266595220804447308183
223	-0.00142739141538982374293742516613292536931112409
224	0.00142101919921330723667329820614213531371206045
225	-0.00141470361751898409188865635144338739337399602
226	0.0014084439317803613099522319629386402084492147
227	-0.00140223938991867243947231358447425009217113256
228	0.00139608927982440463033686484095596824772655964
229	-0.00138999287489489356181571189097212482010945678
230	0.0013839494883519771160906852713878834038041532
231	-0.00137795841776633702299714734351709921611472964
232	0.00137201900064172141457952136534004239365458488
233	-0.00136613055792603015070607597181151504628360271
234	0.00136029245006597746675547355721391795668751001
235	-0.00135450402051817816659329274386891484027728438
236	0.00134876465194855950022190249626419245032593608
237	-0.00134307370894732160462869963168941467301920056
238	0.00133743059574822778859393146433376386994495988
239	-0.00133183469713418290228390539198244368890300393
240	0.00132628543800209549446966761365729325916618109
241	-0.00132078222253144807532554416695802501635625958
242	0.00131532449534141554839394849807376886019483209
243	-0.00130991167935668026064965907551140844589099288
244	0.00130454323794161608507380378796369768679141998
245	-0.00129921861218710264773701368312686099670827389
246	0.00129393728337039897249849396132503898115828633
247	-0.00128869870995245404399209832035921863280236721
248	0.00128350239050822011177555026506524882279336452
249	-0.00127834780007258716483242722006252733990550041
250	0.00127323445390301178900549494699134811526164412
251	-0.00126816184295694758810135738258395576849579811
252	0.00126312949845060239553728997918824461521580815
253	-0.0012581369267573661377412896911209827521815896
254	0.00125318367429225717424312591674606665037572384
255	-0.00124826926226560006374932676465050462866201997
256	0.00124339325189315973163584061467190622352063656
257	-0.00123855517835369088180952346078811387997120619
258	0.00123375461722945384615557351537518115947023034
259	-0.00122899111723338188076337651466474198969081044
260	0.00122426426759047676795510994907090207561850548
261	-0.00121957363011360002402749813654736499302089214
262	0.00121491880723624372240276869661101954989135265
263	-0.00121029937314744324983184498023547348566353321
264	0.00120571494323586710789575349167535023298114538
265	-0.00120116510348772329713762374581165204290300608
266	0.00119664948166785418959268127991890651173889637
267	-0.00119216767541488943490946006420472258469089866
268	0.00118771932407371822240649272828250104794278741
269	-0.00118330403664588992146411428052488190587610006
270	0.00117892146376683860931056102572256349958479404
271	-0.00117457122514965685289300978411120013333857059
272	0.00117025298243082255533753510690075927414000034
273	-0.00116596636567309428628158585183882678393274546
274	0.00116171104697117884979595814343156234826892614
275	-0.00115748666652037632274208078797528287395834923
276	0.00115329290647555844986915651873005117522552609
277	-0.00114912941673031262015958198219323094235733151
278	0.00114499588906542522706577535984706628369167447
279	-0.00114089198292802174172777540661627426743507385
280	0.00113681739939911321049526016224717750446870923
281	-0.00113277180690036019528044164417224237695336342
282	0.00112875491552349776699926131584561517229303718
283	-0.00112476640251997148101104073703027097508311272
284	0.00112080598677511376892734773491611122153699398
285	-0.00111687335364640382556755682230686943512409925
286	0.00111296823081276970851538621332110778894275427
287	-0.00110909031144822275635752895084351621335372329
288	0.00110523933155485002896578627940016303909942508
289	-0.0011014149920508175747868584437583194812759757
290	0.001097617036827119429281962581512743781786412
291	-0.00109384517440132668711361141333782143192365766
292	0.00109009915615527596538525401115293789189308882
293	-0.00108637869806119330765015185136235231766477227
294	0.00108268355870225598328038252304850175278261304
295	-0.00107901346121584392270809082958749058889225125
296	0.00107536817113316248567533861546507978346198797
297	-0.00107174741861199452480635230244843114633113146
298	0.00106815097587825919359105775185980746755376458
299	-0.0010645785797482655056500622237081188359297812
300	0.00106103000910646007651227940016269712941721082
301	-0.00105750500706580218696073458772843878250569105
302	0.00105400335898832601608243741964088258100673556
303	-0.00105052481406651531531393217733238998334854841
304	0.00104706916406761742915909607631874678190797567
305	-0.00104363616390176381851229159281047031981870532
306	0.00104022561141572673221178391145258501637727022
307	-0.00103683726738203500425394842920923110796138644
308	0.00103347093543748429211870387689486960880458355
309	-0.00103012638178275094461011640589731541695073247
310	0.00102680341584465272680715131059514533262699842
311	-0.00102350180910726210395389479401728749508038163
312	0.00102022137664266971876503298233274108497425914
313	-0.00101696189492884265723193770725174545077607036
314	0.00101372318439364337769315049797569372458383441
315	-0.00101050502658130928607116416628741717431694269
316	0.00100730724716691002335045013182934781070798635
317	-0.0010041296323267030234094310259251869865693152
318	0.00100097201291059071173727978987244568997994065
319	-0.000997834179726847948083134909325053740758448839
320	0.000994715968510710181471612401082893484272062778
321	-0.000991617174557720033878371879154656198807060719
322	0.000988537638379881778566415917453014117199927568
323	-0.000985477159615255702412861538164179364684969187
324	0.000982435583371676739161681979339846293441951275
325	-0.000979412713557346707726747325750693562440574169
326	0.000976408399694993905937323575017217081040143967
327	-0.000973422449818211153738101160115547827444970608
328	0.000970454717683681298764919453958555095596238971
329	-0.000967505015522764078017559086219989694654941559
330	0.000964573201036595176405263885044405469670891762
331	-0.000961659090509550933817406459525045647751539946
332	0.000958762545587219872436635093038148625055328012
333	-0.000955883386317493656189614448237534816144034266
334	0.00095302147832660171096474943652765432489104569
335	-0.000950176645281199843198760568441230134340003133
336	0.000947348756679595484231359847626663395203649998
337	-0.000944537639590083220181293555128831940237432718
338	0.000941743167419236120591063965434841520618647337
339	-0.000938965170419861104231240567230543092591688037
340	0.00093620352579823419743310086715837314841337502
341	-0.000933458066991674868459472058646042569307610393
342	0.000930728674933786618087006026200924679869785905
343	-0.000928015185956900618899356736335448658792302012
344	0.000925317484685759779686198278625397506402805448
345	-0.000922635410420082242854977749857425806112587452
346	0.000919968851113874214533994155829077499220147729
347	-0.000917317649178991121119985940879359986865893006
348	0.000914681695753952151914378809749450738308951259
349	-0.000912060836145624220794303482762188650667667389
350	0.000909454964604663584210042515110217209439724684
351	-0.000906863929405324342702954254491487517952919006
352	0.000904287627801837138458163067866735218558460474
353	-0.000901725910818717245331921361639615497551858425
354	0.000899178678605206576149311281653808691771700978
355	-0.00089664578500845662674401115310729437624104321
356	0.00089412713303653338151044671633371763164177537
357	-0.00089162257906972327940742228946646719123236835
358	0.000889132028938728960487658525835286127403378487
359	-0.000886655341629346855497617596597592637408524752
360	0.000884192425722540777804914213788833876606076956
361	-0.000881743142520116304772237469933315878733992577
362	0.000879307403425673254904193498759923386387526989
363	-0.000876885072057027002701001805462510674260556698
364	0.000874476062350912309792394516705371643183752894
365	-0.000872080240385904011460316276327375817345455289
366	0.0008696975225594969806375278409404927515424788
367	-0.00086732777719390015055966891566185950068756938
368	0.000864970923111180222189742217153707315446808934
369	-0.000862626830877180009876648014710553979966789484
370	0.000860295421774726542726852152043193200370296836
371	-0.000857976568396170502853181893954115366796031594
372	0.000855670194340347632297461011319228418869897723
373	-0.000853376174370868096144548964332443574676290154
374	0.000851094434366388933460578769540916255209594965
375	-0.000848824850972277429247969671166629268554970622
376	0.00084656735238320041971038509842628627666272223
377	-0.000844321817198657792111204933860335586359724402
378	0.00084208817582076241417543549516722123371437192
379	-0.000839866308586021412599387225839109305525198579
380	0.000837656148212556801724293364941331674344837666
381	-0.000835457576773882730838960419816885405452921987
382	0.000833270529014629298888983122139961778884753585
383	-0.000831094888890067775080727763281629449920728803
384	0.00082893059313514914389353638313195915543474257
385	-0.000826777527442151697126271336912850529188290238
386	0.000824635630427783539175834448542445898056030273
387	-0.000822504789666080732279951348573376890271902084
388	0.000820384945474570553836102249078976456075906754
389	-0.000818275987236670920496606207450440706452354789
390	0.000816177857079292048275709348104101081844419241
391	-0.000814090445978107911731425083701196854235604405
392	0.000812013697977973479547042501280884607695043087
393	-0.000809947505502069120542074642798979766666889191
394	0.000807891814332256392311437664943696290720254183
395	-0.000805846518628722686267140673521680582780390978
396	0.000803811565729398418839179996098209812771528959
397	-0.000801786851314351557001858239459579635877162218
398	0.000799772324422332123866619113528031448367983103
399	-0.000797767882253289529331796714473057363647967577
400	0.000795773475329666522479210577500907675130292773
401	-0.000793789002443669004793758148252891260199248791
402	0.000791814415637621385121724948419341671979054809
403	-0.000789849615078859392663934713141316024120897055
404	0.000787894554329588662350269956391457526478916407
405	-0.000785949135077026366305585902694019750924780965
406	0.000784013312186132701672724998331887036329135299
407	-0.000782086988791631017997607600023002305533736944
408	0.000780170121278362738506673146332559554139152169
409	-0.000778262614011430509455835569099235726753249764
410	0.000776364424714619033238149903297653509071096778
411	-0.000774475459200536916690160715859292395180091262
412	0.000772595676531911274009800649764656554907560349
413	-0.000770724983751730659264911338368619908578693867
414	0.000768863341189290200317074663871608208864927292
415	-0.000767010657262708495790493046229130413848906755
416	0.000765166893531660620778045434065006702439859509
417	-0.000763331959644645337975665810859027260448783636
418	0.000761505818464092501529627554646140197291970253
419	-0.000759688380724130724042097995152289513498544693
420	0.000757879610589944638712744939823551248991861939
421	-0.000756079419953667539872066427619756723288446665
422	0.000754287774247051857542945008106016757665202022
423	-0.0007525045863754846030974077208952621731441468
424	0.000750729822964910737878585500482131465105339885
425	-0.000748963398151097220489802452902949880808591843
426	0.000747205279537055313404669831811588665004819632
427	-0.000745455382488931488776939815465993888210505247
428	0.000743713675659179009394539328070550254778936505
429	-0.000741980075427198931814487536939850542694330215
430	0.000740254551712011231445753622892880230210721493
431	-0.000738537021689145535899290173631470679538324475
432	0.000736827456544189400566846614992755348794162273
433	-0.000735125774321175639094971820952650887193158269
434	0.000733431947399884555036098099378705228446051478
435	-0.000731745894620476448888535259129639598540961742
436	0.000730067589556924589205832987204303208272904158
437	-0.000728396951917892462521897378735502570634707808
438	0.000726733956326794904023724797070826753042638302
439	-0.000725078523360799019961686617818941158475354314
440	0.000723430628765136477659192237865681818220764399
441	-0.00072179019384072747207714559891655881074257195
442	0.000720157195418432653083451455700014776084572077
443	-0.000718531555667676269036348024599192285677418113
444	0.000716913252360197204501868206705239572329446673
445	-0.000715302208533923327554715498877158097457140684
446	0.000713698402829097142477388082681954983854666352
447	-0.00071210175922452475204271760134133728570304811
448	0.000710512257228952713930536511099944618763402104
449	-0.000708929821617315268286740881364949018461629748
450	0.000707354432803049791578242633249828941188752651
451	-0.000705786016357218878164436759448108205106109381
452	0.000704224553670326205642715500232498015975579619
453	-0.000702669970892436492396204705812579049961641431
454	0.000701122250391120150833645929822068865178152919
455	-0.000699581319112570253551663945756899920525029302
456	0.000698047160256672549402678917829234706005081534
457	-0.000696519701420997717350447331341456447262316942
458	0.000694998926673935342804289128082473325775936246
459	-0.000693484764409184242101025219540133548434823751
460	0.000691977199382699022928155940803662815596908331
461	-0.000690476160784306422155132132445487513905391097
462	0.000688981634129901985771904371347318374319002032
463	-0.000687493549333065539358456064178426458965986967
464	0.000686011892633445283934401359715593571309000254
465	-0.000684536594668373700109387236523161845980212092
466	0.000683067642401252077613560409474757761927321553
467	-0.000681604967120790503423699568941174220526590943
468	0.00068014855665889367014598221317100978922098875
469	-0.000678698342738523474615419672772986814379692078
470	0.00067725431406008801231422022937067595194093883
471	-0.000675816402925551520941560568189743207767605782
472	0.000674384598903825498855679754228731326293200254
473	-0.000672958834658750728111020755761728651123121381
474	0.000671539100627742326782287918263136816676706076
475	-0.000670125330053642984107220570422214223071932793
476	0.000668717514025245424527654769519813271472230554
477	-0.000667315586364395328666798690164796425960958004
478	0.000665919538992200540569732503115574218099936843
479	-0.000664529306020007802871529811739037540974095464
480	0.000663144880345992128109489094356376881478354335
481	-0.000661766196371000670409245891789851157227531075
482	0.000660393247789337013362032102747889439342543483
483	-0.000659025969508475386454682265480187197681516409
484	0.000657664355946471594627222856388470972888171673
485	-0.000656308342372677279083492685174405778525397182
486	0.000654957924073651213958680017412916640751063824
487	-0.000653613036535870620125088237273303093388676643
488	0.000652273675986773590618206242197629762813448906
489	-0.000650939778129962709138367493721943901618942618
490	0.000649611340061380122118395163965942629147320986
491	-0.000648288297774129258430053646122814825503155589
492	0.000646970649051717069943912008511688327416777611
493	-0.00064565833032149944591127077586634186445735395
494	0.000644351340126923409143411269894841097993776202
495	-0.000643049615112470862240967584000372880836948752
496	0.000641753154545341916725753605987847549840807915
497	-0.000640461895504269851375767075296607799828052521
498	0.000639175837871644968168904910044147982262074947
499	-0.000637894919088076656557562138516459526726976037
500	0.000636619139687333258567636384839261154411360621
501	-0.000635348437399525225663388106056572723900899291
502	0.000634082813554548820403344855378691136138513684
503	-0.00063282220602726524209813430132953726570121944
504	0.000631566616943698890679348423304872994776815176
505	-0.00063031598432346171330398210130852021393366158
506	0.000629070311161081295939223601010326092364266515
507	-0.000627829535548545068085468656704506429377943277
508	0.000626593661204133487580003603056866268161684275
509	-0.000625362626581710311438055960309156944276764989
510	0.000624136435942370705609594239149373606778681278
511	-0.000622915028029479705962145885678182821720838547
512	0.000621698407683134819309844765200523397652432323
513	-0.00062048651400857719219461561266371063538827002
514	0.000619279352316343774040308112205366342095658183
515	-0.000618076862145927738087514136111622065072879195
516	0.000616879049314492892280847868846649362239986658
517	-0.000615685853578658423210234751365987904137000442
518	0.00061449728140696552834698618283937321393750608
519	-0.000613313272773159190789926675790866283932700753
520	0.000612133834760971015306885156803673453396186233
521	-0.000610958907488896082321749858579096326138824224
522	0.000609788498764418868472447776696299115428701043
523	-0.00060862254877841015336670249524786413530819118
524	0.000607461066025919435920621403113273117924109101
525	-0.000606303990914943292250827155953629699070006609
526	0.000605151332302407548788258928595951147144660354
527	-0.000604003031102936290691607368330551253166049719
528	0.000602859096607706720569175296020603127544745803
529	-0.000601719469803718189082619716145927668549120426
530	0.000600584160705900987550776015666542662074789405
531	-0.000599453110446004563960364919239509617909789085
532	0.000598326329545586718672289805454056477174162865
533	-0.000597203759353522913022604967636652872897684574
534	0.000596085410934185221804026966196943249087780714
535	-0.000594971225853574902861509166029918560525402427
536	0.000593861215537940792183468907694532390451058745
537	-0.000592755321915160475129691342033311229897662997
538	0.00059165355688192223029830962843789166072383523
539	-0.00059055586251085395721460713502892758697271347
540	0.000589462251205271009837916018625492142746224999
541	-0.000588372665254927517883287713118534156819805503
542	0.000587287117497390211487418021363282605307176709
543	-0.000586205550439539233714691945920094440225511789
544	0.000585127977353192907719603432781241281190887094
545	-0.000584054341034732655418837410365995310712605715
546	0.000582984655045478295659622247626430180389434099
547	-0.000581918862543687144192605664727580006001517177
548	0.000580856977380180081876881459379546868149191141
549	-0.000579798943002716136996266271808053716085851192
550	0.00057874477376874283209018390294886557967402041
551	-0.000577694413053643929939484635838198300916701555
552	0.000576647875902432625883076156014794833026826382
553	-0.00057560510569049203218050525521221061353571713
554	0.000574566118078025751467197146382659411756321788
555	-0.000573530856368041413659297766969302756479009986
556	0.000572499336908307860510847220325558737386018038
557	-0.000571471502857082190932058729515574668766930699
558	0.000570447371322073751298553645483480067923665047
559	-0.000569426885316789326355046974015294836135581136
560	0.000568410062600315435163422783659825654467567801
561	-0.000567396846113783596965429723013585316948592663
562	0.00056638725426765837087095256663360487436875701
563	-0.00056538122993069579377833910882600321201607585
564	0.000564378791983799433726320948778720776317641139
565	-0.000563379883585226823305980303757678484544157982
566	0.000562384523760632278402415984430717799114063382
567	-0.000561392656030149442281107496910408372059464455
568	0.000560404299672746060087535902027866541175171733
569	-0.000559419398353306739773982414476449775975197554
570	0.000558437971893613717758175774008577718632295728
571	-0.000557459963886176336489430838128100731410086155
572	0.000556485394587028425403274489724481099983677268
573	-0.000555514207733430074795388797781470202608034015
574	0.000554546424088041972622065145515080075711011887
575	-0.000553581987315748943676019244719554990297183394
576	0.000552620918613463485771775118848836427787318826
577	-0.000551663161790821171548415691177069675177335739
578	0.000550708738406610609494862274004844948649406433
579	-0.000549757592342842854593598644896701443940401077
580	0.000548809745628745957943261934985912375850602984
581	-0.000547865142146330540845466927635243337135761976
582	0.000546923804286701849275420528329050284810364246
583	-0.000545985676148995867362767597796846530400216579
584	0.000545050780341443420751179615990622551180422306
585	-0.000544119061107931675097537649321566277649253607
586	0.000543190541563318314566277678068217937834560871
587	-0.000542265165734364491464947199972357338992878795
588	0.000541342957423493129076597085713729029521346092
589	-0.000540423860512714848702842118655098602175712585
590	0.000539507899202516967573917128220273298211395741
591	-0.000538595017592035469819466975138766429154202342
592	0.000537685239990320787764610521719532698625698686
593	-0.000536778510786010401231727051651887450134381652
594	0.000535874854613843003628415040395793766947463155
595	-0.000534974215790081026114521911551946686813607812
596	0.000534076619419902387866927462312105490127578378
597	-0.000533182009819569953726348110478738817619159818
598	0.000532290412528513019047027299279761791694909334
599	-0.000531401771862994448669681446517643053084611893
600	0.000530516113651945033641288418380099756177514791
601	-0.000529633382356377519287193855745954351732507348
602	0.000528753604094724409187544544863612827612087131
603	-0.000527876723472749196514053338091798650566488504
604	0.000527002766753634482171930741856158419977873564
605	-0.000526131678832645038185189534374330833088606596
606	0.000525263486081526580553924254957109951646998525
607	-0.000524398133612669460970612256289768993156030774
608	0.000523535648051133041536164824947263696230947971
609	-0.000522675974509307673943059313614867278374731541
610	0.000521819140118880012493840503395858831936493516
611	-0.000520965089775114395531652178306103451177477837
612	0.000520113851116324119039369122674543177708983421
613	-0.000519265369037773955041004114718816708773374557
614	0.000518419671467278044690862870425007713492959738
615	-0.000517576703372476642356359022301148797851055861
616	0.00051673649297068516804409821219223886146210134
617	-0.000515898985301918924784025932694930816069245338
618	0.00051506420880061912909164689722274488303810358
619	-0.00051423210865155204868370830695312179159373045
620	0.000513402713542472112495662628361969836987555027
621	-0.000512575968730520853747223419816236855695024133
622	0.000511751903120578931563611213562126067699864507
623	-0.000510930462114537759649168791042939119506627321
624	0.000510111674798216811407836068781307403696700931
625	-0.000509295486718258031549888542599546781275421381
626	0.000508481927105231207644764346298416057834401727
627	-0.000507670941795279563255038901559146324871107936
628	0.000506862559982785253198667163587742834351956844
629	-0.000506056727793392779890524479924351908266544342
630	0.00050525347453004719640301534155923945945687592
631	-0.000504452746463143319316513313310679222922772169
632	0.000503654573185127480555722812027852341998368502
633	-0.000502858900894019448038485542440412245923653245
634	0.000502065759507954031612420031649435259168967605
635	-0.000501275095224950999195367984384574810974299908
636	0.00050048693839739718733361506508572347229346633
637	-0.000499701234933811085092703052623619441874325275
638	0.000498918015837957135386049323244606057414785028
639	-0.000498137226656477282923929372770999179920181632
640	0.00049735889900832594423540911066083936020731926
641	-0.000496582978223019267521864961167921137530356646
642	0.000495809496209012731324228262508313491707667708
643	-0.000495038398512948497193209007605219085235148668
644	0.00049426971704328182682930403757382009644061327
645	-0.000493503397563780895132556914006727311061695218
646	0.000492739472091464078898348510904270369792357087
647	-0.000491977886534849867192220607137187471380457282
648	0.000491218673091894800566969969679576024645939469
649	-0.000490461777743492850431539231692568137077614665
650	0.000489707232796163455593174695934521878371015191
651	-0.000488954984520301649472684424324597785016521811
652	0.000488205065150051713794565610982090220204554498
653	-0.000487457421172934370068308140844237641431391239
654	0.000486712085112595178870709133889249642379581928
655	-0.000485969003239428956782142154935399958048947155
656	0.000485228208583708339740603321388334734365344048
657	-0.000484489647198702347817567126497806384577415884
658	0.000483753352585122734300093760850813850993290544
659	-0.000483019270579112831170975894679031625855714083
660	0.000482287435043260827652322753067437588470056653
661	-0.00048155779181371005572692700624770623107906431
662	0.000480830375006362242297497378018533709109760821
663	-0.000480105130384985345423642932871644006809219718
664	0.00047938209246354516069460460769846577022690326
665	-0.000478661206788683958081309643972645062603987753
666	0.000477942508236243860687830764533146066241897643
667	-0.000477225942425242295567844319492678550886921585
668	0.000476511544267709235417340707385847053956240416
669	-0.000475799259527412638295928992704375559696927667
670	0.000475089123369695906159981824146143480902537704
671	-0.000474381081485951839986359157563811095315031707
672	0.000473675169222461897068632286078582183108665049
673	-0.000472971332415369517809811128472574637271463871
674	0.000472269606483331641846867832157386146718636155
675	-0.000471569937407242023748310533193262017448432744
676	0.000470872360678132868654077736181307045626454055
677	-0.000470176822421648787399262037212110953987576067
678	0.000469483358165009509455067870931088691577315331
679	-0.000468791914250985333745269656446907902136445045
680	0.000468102526315359104835955861290130997076630592
681	-0.000467415140628525856147934547379918512888252735
682	0.000466729793115769494259159611004861289984546602
683	-0.000466046430119860318093405471273626972106285393
684	0.000465365087602269866980109203069559953291900456
685	-0.000464685712050519187689412436981228893273510039
686	0.000464008339534642717805201783676238846965134144
687	-0.000463332916614536552760150733831778779858723283
688	0.000462659479541173619156213536740551717230118811
689	-0.000461987974874449904005846434529303223825991154
690	0.000461318438973901232165453212274996985797770321
691	-0.000460650818616549495576606432223343290388584137
692	0.000459985150089555253592743522261798716499470174
693	-0.000459321380387066303084553364755038273870013654
694	0.000458659545868618360488222496229582247906364501
695	-0.000457999593600734596597623404790056156343780458
696	0.000457341560051513626103392162747240945464000106
697	-0.000456685392359853993722584863945712640997953713
698	0.000456031127138604845151770295075266403728164732
699	-0.00045537871159903999061097090716998536663595587
700	0.000454728182390196208548238665514418244129046798
701	-0.000454079486940473105692495092711169490939937532
702	0.000453432661826532303409043045405724114971235394
703	-0.0004527876546938993133559203663196512934518978
704	0.000452144502155423281229695842142746187164448202
705	-0.000451503152001380358114557278526035588583908975
706	0.000450863640844619581286856213608871257747523487
707	-0.00045022591662016784967714766452218100312165916
708	0.000449590016049437098816232705189577245619148016
709	-0.000448955887067454010794231855641100992215797305
710	0.000448323566576568901739796579875019233440980315
711	-0.00044769300251180867058348189502225977776106447
712	0.000447064231992649213122403839548724135966040194
713	-0.000446437202881742054363933824845389608526602387
714	0.000445811952479501687543472776553699077339842916
715	-0.000445188428720954686330923966153250148636288941
716	0.000444566668906515435541471070735042303567752242
717	-0.000443946621188336630614568178998524672351777554
718	0.000443328322866832547945181719484253335394896567
719	-0.000442711722166531040055514889530741129419766366
720	0.000442096856496409498435418150563691597199067473
721	-0.000441483674153371041110061057111124682705849409
722	0.000440872212691143590575226784977758143213577569
723	-0.000440262420334254890932901282951661414699628949
724	0.000439654334817371245276718116912206824054010212
725	-0.00043904790443739577163184684138741431524977088
726	0.000438443167037557346085718812389586673816666007
727	-0.000437840070842384038000971724358123537967912853
728	0.000437238654056981267820303216353750030975788832
729	-0.000436638864616375717633833808406507159816101193
730	0.000436040741087549352239527422625542385503649712
731	-0.000435444231333153479804320973300946207018569112
732	0.000434849374064920812972545594021767101367004216
733	-0.000434256117217877925414104556267602674779482186
734	0.000433664499503757421353111745077058003516867757
735	-0.000433074469002336622305837643409631709801033139
736	0.000432486064461535439987227569247352221282199025
737	-0.000431899234033506786677170108390555469668470323
738	0.000431314016610921105096543293200284097110852599
739	-0.000430730360273555825181834855186480126576498151
740	0.000430148304167395252595174071075234678573906422
741	-0.000429567796227465961006464212346145359333604574
742	0.000428988875853065793758434054439021565485745668
743	-0.000428411490906846167438237760194397196755744517
744	0.000427835681041418354648986355215356525150127709
745	-0.000427261393974683132551684039412975835148245096
746	0.000426688669540190045927074979914550567627884448
747	-0.000426117455528215245859346982371107515064068139
748	0.000425547791772308168709026965359498717589303851
749	-0.000424979626207495496566235448909765182179398835
750	0.000424412998667326882631933848699645750457420945
751	-0.000423847857231579431581958150587752243154682219
752	0.000423284241697615163865786591657069948269054294
753	-0.000422722100289961715165187872145224901032634079
754	0.000422161472842168847101340656280399343813769519
755	-0.000421602307578764195356013644300219311844557524
756	0.000421044644586610950810767750596141922869719565
757	-0.000420488431873110844218255355286828489624895155
758	0.000419933709850815978063820477217404913972131908
759	-0.000419380426382377660514400030677961694891564548
760	0.000418828622133661098055068539025569407385773957
761	-0.00041827824482256728468726469927219113742467016
762	0.000417729335404462597328145712083369289757683873
763	-0.000417181841452497282132783062991165934363380075
764	0.000416635804066788572284918412691467892727814615
765	-0.000416091170892861762602155106804957540589384735
766	0.000415547983067021719019717984622275253059342504
767	-0.000415006188307169110278393997504053913871757686
768	0.000414465827785796543485108411886130852508358657
769	-0.000413926849293179844463397287768202659208327532
770	0.00041338929411037451857463542737036732432898134
771	-0.000412853109955281342979827030603701132349669933
772	0.000412318338326081402708811474155936593888327479
773	-0.000411784926868300209419626600748642886173911393
774	0.000411252917152494330485512641359946428565308452
775	-0.000410722256968939808570440153090430612792260945
776	0.000410192987852005361455731691222581503097899258
777	-0.000409665057664342514148758667147376399952918291
778	0.000409138508048882991105510420482005429221317172
779	-0.000408613286868278100492923865516559089883230627
780	0.000408089435837834940690171947608178015798330307
781	-0.000407566902820204928284408829597396106692031026
782	0.000407045729747820849743489279859431917429901659
783	-0.000406525864266208216725451141115854625240899622
784	0.000406007348705864209645333140485945477848872542
785	-0.000405490130350437795805906837642851314740255475
786	0.00040497425203705290572275821148195973364636302
787	-0.000404459660687482179183827035728882037801668048
788	0.000403946399428350933977216463688364456174895167
789	-0.000403434415181431701470649020535574891255237162
790	0.000402923751181912589286460146809076832141727209
791	-0.000402414354279190971709623259044974474818445742
792	0.000401906267780830113445222906420895014889538288
793	-0.000401399438608602762701416111212893156334757805
794	0.000400893910287198197532620991268004217999987304
795	-0.000400389629448887778874477394452924272627569735
796	0.000399886640016424961888152900257864530431106687
797	-0.000399384888332579937077204679241049234406091273
798	0.000398884418681982595537849345390668531763367355
799	-0.00039838517726265270518792860343637585174292326
800	0.000397887208431595205786190927454981647315435112
801	-0.000397390458459205347593878876466533256461843848
802	0.000396894971811050860203973211781658392283134162
803	-0.000396400694685151728374750135230897285509854555
804	0.000395907671655638796794074441010025111609138548
805	-0.000395415848992906990462536942487759006326086819
806	0.000394925271234899846577171000916450793738476932
807	-0.000394435884796762821144500144043831824092194438
808	0.000393947734216439126100905987470923719229176641
809	-0.000393460765909074542713563804596788031631149352
810	0.000392975024521175289593521995357150444760918617
811	-0.000392490456467886822747304087499742308864369988
812	0.000392007106504278367460625265294993369025178254
813	-0.000391524920973120439497694444952458070474676788
814	0.000391043944846607735392474136659757277811877429
815	-0.00039056412432276023990324054224743122176732868
816	0.00039008550455471113858202381052819873730186373
817	-0.000389608031668104933843699289042206146405078471
818	0.000389131751033200607749196198170693605788983405
819	-0.000388656608558516866204490813885286115691997111
820	0.000388182649940001602874295461020892616943456233
821	-0.000387709820941422775818219204069237093790434301
822	0.000387238167331103652624157973605178995057940483
823	-0.000386767634872812299771938082670885705738328397
824	0.000386298269624372830020886393498358302167616785
825	-0.000385830016987677090756214681732672033831477165
826	0.000385362923490988745767182876988954376429319382
827	-0.000384896934174322772823084726212528039468452334
828	0.000384432095855444222985697333427879129885695875
829	-0.00038396835357436818244453169413077375793363899
830	0.000383505754148859593841147663795254629803821445
831	-0.000383044242618933434944838989366644455003552139
832	0.000382583866055668186077765025032704215846024454
833	-0.000382124569209577762997354088980728192836977541
834	0.000381666399405054292126582282662639045156538486
835	-0.000381209301392611472382443427164844251819886267
836	0.000380753322605204328442363159723527132882736623
837	-0.000380298407648596136637619835596524353604763746
838	0.000379844604100492344231354557848590047797188163
839	-0.000379391856639031709898246536027954789460636675
840	0.000378940212878107205232702803243682865286245942
841	-0.000378489617351107057903469854664990634773857892
842	0.000378040118069988308191486936493674875237047672
843	-0.000377591659206262530990017012300086207687854767
844	0.00037714428906138826227273375124582344142254442
845	-0.000376697951734501811429933759711730090202763677
846	0.000376252695635624287429088496992335421964526176
847	-0.000375808464863892216500929066569369751960039139
848	0.000375365307829326707612926927737362348125316203
849	-0.000374923168703439552498779541167550632962957025
850	0.000374482095968627234049141971894414382404647768
851	-0.000374042033796401327157277183488304217462427914
852	0.000373603030632970790382574310939389761188067496
853	-0.000373165030794597946464663529297922650584951043
854	0.000372728082691303795950799049307988752843812108
855	-0.000372292130711726143924011900310233613708987832
856	0.000371857223302073732103256720193940054741688073
857	-0.000371423304850984148731130041198866820195689797
858	0.000370990423840853768278069679809050285257399082
859	-0.000370558524732695661330073022554643102921545506
860	0.000370127656008906093937360637369238247629255056
861	-0.000369697762130498136685929910782988372375257313
862	0.000369268891796993960555117730848451174097135663
863	-0.000368840989179905357278621558236864075297489762
864	0.000368414103304443517859778634004896957776509225
865	-0.000367988178197369486185919207343886228045448661
866	0.000367563262992457351514830055094762428780086339
867	-0.000367139301716468266154058674999305367236956954
868	0.000366716343647926958787541806827903201337903738
869	-0.000366294332596468568373493379652927615097723901
870	0.000365873318166306735199633237698435550555586815
871	-0.000365453243949950584874841741367390568484552205
872	0.000365034159768739771036172303553257734165526927
873	-0.000364616009070432779866355321729542993125505745
874	0.000364198841929682694262826458952986286021769047
875	-0.000363782601577122420739851538229459038120694458
876	0.000363367338304530513443113548532892309594899416
877	-0.000362952995197789564721380095591030112700536847
878	0.000362539622874366931903900024281028890982270241
879	-0.000362127164058268554563957408731766918208450079
880	0.000361715669765026075557767804014019930036738515
881	-0.000361305082429144264026532606948194370488636196
882	0.000360895453428031198761516407103044912219047546
883	-0.000360486724834315104548654318250555661506950855
884	0.000360078948459655761617226321646967335254885256
885	-0.000359672066087180441161519350856679011485539377
886	0.000359266129673299454416746101514945621602237225
887	-0.000358861081073515229659942615825229950132779777
888	0.000358456972280425710877804768017540482105687261
889	-0.000358053745004782903761653134466769188293255866
890	0.000357651451564873555481749445306149937096051872
891	-0.000357250033381948392877114351051659468794241548
892	0.000356849542991420068047125901955496374284848571
893	-0.00035644992181453930783080474853363739384803921
894	0.000356051222386718764327528941038281118380837142
895	-0.000355653386129209272796536378535847688908688724
896	0.000355256465758361540674403755701860063709318638
897	-0.000354860402405925232788286294294266554061323404
898	0.00035446524922250297485321057777696296398062259
899	-0.000354070947050343044423814653498538973508402705
900	0.000353677549184798923481709564953234803397208452
901	-0.000353284996468118781161316110939196732942946255
902	0.00035289334223184351535529401644453173503279686
903	-0.000352502527390596885961682183108223398448899388
904	0.0003521126052759196824529230873679352953331545
905	-0.000351723516730060399224089273673143907217308879
906	0.000351335315229310356753555932840527020744048059
907	-0.000350947941615917941016178360769117716699838638
908	0.000350561449402362430502466672521677537588402629
909	-0.000350175779358516620423658061156402254709973931
910	0.000349790985177798061447895783260264579439535737
911	-0.000349407007485329234620918814613332870067097247
912	0.000349023900191653270279334986270214358228258789
913	-0.000348641603704766852959984202442456080461852252
914	0.00034826017226090191618304015008789065177552402
915	-0.000347879545978553974053260056109593278961256146
916	0.000347499779347268497771417106179114853148348629
917	-0.000347120812413165844359519418560466874623671174
918	0.000346742699701978900929388860419066986651159823
919	-0.000346365381259828132923250798569370090262964368
920	0.000345988911684821692955893457366300935973413289
921	-0.000345613231023080046469542203624314424814656377
922	0.000345238393872711454499202510248778708046302199
923	-0.000344864340352211539569848852693212393205612898
924	0.000344491125095876303888187131008180585922673345
925	-0.00034411868814982588763579096635680798499379307
926	0.00034374708425691929969403304312436375766992569
927	-0.00034337625339090163158195512238535229698754847
928	0.000343006250475569947518128532948367137578316033
929	-0.000342637015339918591175227824408011656487360597
930	0.000342268603124870748541375142792730912333354354
931	-0.000341900953369919484436945111838213051669299603
932	0.000341534121614052053536592090665635623736307025
933	-0.000341168047107260567069042522803101746831089258
934	0.000340802785605657859377415341839423490455374122
935	-0.000340438276286860884607687882663640266400761902
936	0.000340074574979357851026162684604514652164652944
937	-0.000339711620788390230435416228260692150797694921
938	0.000339349469723384611699601443035589909413829446
939	-0.000338988060744831935615362095148839216562919319
940	0.00033862745000690910521234933128198463236913085
941	-0.000338267576397731904204457809015593738877214491
942	0.000337908496216228091887923135061555512947961688
943	-0.00033755014820576248728983825841964971914421767
944	0.000337192588773825856381105570136469395947642624
945	-0.000336835756736158392112001624951744815916754305
946	0.000336479708464063227701945635317315463908016682
947	-0.000336124382773280664521431404523355013225227594
948	0.000335769836071301251700926826515569700859487057
949	-0.00033541600717386529061092570458413320011459291
950	0.000335062952633214078228263144154652763972990215
951	-0.000334710611120337276497282985587844450492411852
952	0.000334359039259851339477569442948379219160415232
953	-0.000334008175795121411456867210887367036775685847
954	0.000333658077314576313743277324874725309200584888
955	-0.000333308682561580973784109982460677201743237674
956	0.000332960048305502593485316609189794689882546663
957	-0.000332612113072580303785308331043779617175459862
958	0.000332264933776931729175752039395774772856384516
959	-0.000331918448944795892174841611677038599736988544
960	0.000331572715562666008037862042101551196537911892
961	-0.000331227672084405725359823602360620498075149953
962	0.000330883375605071049230243573902043863199651241
963	-0.000330539764506150471161383119778065520222298801
964	0.000330196895955075153325508630075546534499153495
965	-0.000329854708333333804075315764947617935831658542
966	0.000329513258880732742665820023120204496080987155
967	-0.000329172485906385195106316210456043336307629943
968	0.000328832446758660704166921107116650091484189034
969	-0.000328493079674297230353963161775254775420762599
970	0.000328154442074039473520308263232436729595065117
971	-0.000327816472194625285752067611610982567071914673
972	0.000327479227601550114748474307191372645320370793
973	-0.000327142646242050642163556872787921747658401728
974	0.000326806786079686384383080621773842722177505493
975	-0.000326471584699817587126025042465471415198408067
976	0.000326137100427880094292987234183556211064569652
977	-0.000325803270632108355094047613675911634345538914
978	0.000325470153782688852855953243192743684630841017
979	-0.000325137687103105614203069073653296072734519839
980	0.000324805929389233600385056277559669979382306337
981	-0.000324474817502680402091230771333130178391002119
982	0.000324144410565010000595254080479890035348944366
983	-0.000323814645220703973237108552751806200831197202
984	0.000323485580844639947391272460919253717293031514
985	-0.000323157153864173595468611832615124512813054025
986	0.000322829423871308232932286763627871550852432847
987	-0.00032250232707627384410448145857230883848387748
988	0.000322175923396762439211704620589671321795322001
989	-0.000321850148753502940564275025536744578857906163
990	0.000321525063317501004489518123818925232626497746
991	-0.00032120060286473458861095098271221104369033128
992	0.000320876827638584831599299906912392543745227158
993	-0.000320553673487405173421482817985861402121372521
994	0.000320231200546013637653341987743260688148438931
995	-0.000319909344807514086847510803579552884912118316
996	0.000319588166334349495917299677216760755982249975
997	-0.000319267601191998992918308353239353891694918275
998	0.000318947709442905444343629994818911654874682426
999	-0.000318628427080172821166115237900839929352514446
1000	0.000318309814383369786387756317225239399704150856
